2.130000 	 0 	 0.00009563 	 0.00002316 
2.124000 	 0 	 0.00013929 	 0.00001346 
2.868000 	 0 	 0.00019945 	 0.00002095 
2.706000 	 0 	 0.00041374 	 0.00002090 
2.705000 	 0 	 0.00038378 	 0.00001854 
2.704000 	 0 	 0.00027432 	 0.00001621 
2.702000 	 0 	 0.00023541 	 0.00001498 
2.697000 	 0 	 0.00018362 	 0.00001278 
2.879000 	 0 	 0.00042107 	 0.00001928 
2.712000 	 0 	 0.00072351 	 0.00003679 
2.759000 	 0 	 0.00037366 	 0.00001422 
2.755000 	 0 	 0.00042772 	 0.00002245 
2.802000 	 0 	 0.00030858 	 0.00001192 
2.790000 	 0 	 0.00007294 	 0.00001009 
2.774000 	 0 	 0.00017932 	 0.00001665 
2.764000 	 0 	 0.00031133 	 0.00001959 
2.762000 	 0 	 0.00032888 	 0.00002146 
2.888000 	 0 	 0.00016006 	 0.00001453 
2.911000 	 0 	 0.00024902 	 0.00001333 
2.908000 	 0 	 0.00064529 	 0.00003010 
2.914000 	 0 	 0.00034216 	 0.00001914 
2.912000 	 0 	 0.00018283 	 0.00001313 
2.989000 	 0 	 0.00035867 	 0.00001390 
2.979000 	 0 	 0.00026095 	 0.00001195 
2.969000 	 0 	 0.00023929 	 0.00000992 
2.959000 	 0 	 0.00031819 	 0.00001260 
2.950000 	 0 	 0.00030648 	 0.00001222 
2.939000 	 0 	 0.00013273 	 0.00000876 
2.929000 	 0 	 0.00009004 	 0.00000795 
2.925000 	 0 	 0.00009766 	 0.00000754 
2.923000 	 0 	 0.00008013 	 0.00000803 
2.442000 	 0 	 0.00030247 	 0.00001256 
2.436000 	 0 	 0.00053294 	 0.00001549 
2.434000 	 0 	 0.00029693 	 0.00001395 
2.475000 	 0 	 0.00008917 	 0.00000992 
2.474000 	 0 	 0.00013099 	 0.00001177 
2.472000 	 0 	 0.00036543 	 0.00001380 
2.501000 	 0 	 0.00003848 	 0.00000793 
2.727000 	 0 	 0.00064262 	 0.00002538 
2.723000 	 0 	 0.00076401 	 0.00002394 
2.124000 	 15 	 0.00015311 	 0.00001607 
2.868000 	 15 	 0.00016627 	 0.00001960 
2.706000 	 15 	 0.00043652 	 0.00002211 
2.705000 	 15 	 0.00035597 	 0.00001973 
2.704000 	 15 	 0.00030369 	 0.00001809 
2.702000 	 15 	 0.00023721 	 0.00001514 
2.697000 	 15 	 0.00017549 	 0.00001514 
2.879000 	 15 	 0.00046039 	 0.00002094 
2.712000 	 15 	 0.00069910 	 0.00003820 
2.759000 	 15 	 0.00040627 	 0.00001560 
2.755000 	 15 	 0.00038441 	 0.00002297 
2.802000 	 15 	 0.00030535 	 0.00001251 
2.790000 	 15 	 0.00007076 	 0.00001158 
2.774000 	 15 	 0.00014472 	 0.00002201 
2.764000 	 15 	 0.00028899 	 0.00002206 
2.762000 	 15 	 0.00033117 	 0.00002464 
2.888000 	 15 	 0.00017472 	 0.00001810 
2.911000 	 15 	 0.00023171 	 0.00001395 
2.908000 	 15 	 0.00069995 	 0.00003128 
2.914000 	 15 	 0.00033616 	 0.00002087 
2.912000 	 15 	 0.00020583 	 0.00001403 
2.989000 	 15 	 0.00035576 	 0.00001416 
2.979000 	 15 	 0.00026431 	 0.00001333 
2.969000 	 15 	 0.00024907 	 0.00001075 
2.959000 	 15 	 0.00031264 	 0.00001325 
2.950000 	 15 	 0.00030658 	 0.00001278 
2.939000 	 15 	 0.00014752 	 0.00000983 
2.929000 	 15 	 0.00009112 	 0.00000889 
2.925000 	 15 	 0.00009610 	 0.00000848 
2.923000 	 15 	 0.00009760 	 0.00000877 
2.442000 	 15 	 0.00028607 	 0.00001248 
2.436000 	 15 	 0.00052240 	 0.00001623 
2.434000 	 15 	 0.00028817 	 0.00001471 
2.475000 	 15 	 0.00009688 	 0.00001050 
2.474000 	 15 	 0.00013357 	 0.00001359 
2.472000 	 15 	 0.00038508 	 0.00001488 
2.498000 	 15 	 0.00003674 	 0.00000680 
2.727000 	 15 	 0.00060449 	 0.00002638 
2.723000 	 15 	 0.00072810 	 0.00002442 
2.124000 	 30 	 0.00013396 	 0.00001544 
2.868000 	 30 	 0.00021459 	 0.00002137 
2.706000 	 30 	 0.00039429 	 0.00002110 
2.705000 	 30 	 0.00034393 	 0.00001924 
2.704000 	 30 	 0.00028301 	 0.00001707 
2.702000 	 30 	 0.00021663 	 0.00001480 
2.697000 	 30 	 0.00016553 	 0.00001354 
2.879000 	 30 	 0.00051546 	 0.00002088 
2.712000 	 30 	 0.00073669 	 0.00003832 
2.759000 	 30 	 0.00039735 	 0.00001443 
2.755000 	 30 	 0.00040584 	 0.00002231 
2.802000 	 30 	 0.00033370 	 0.00001223 
2.790000 	 30 	 0.00009535 	 0.00001288 
2.774000 	 30 	 0.00015846 	 0.00001884 
2.764000 	 30 	 0.00031592 	 0.00002061 
2.762000 	 30 	 0.00033667 	 0.00002296 
2.888000 	 30 	 0.00016929 	 0.00001596 
2.911000 	 30 	 0.00026589 	 0.00001362 
2.908000 	 30 	 0.00078465 	 0.00003216 
2.914000 	 30 	 0.00036415 	 0.00001998 
2.912000 	 30 	 0.00021131 	 0.00001430 
2.989000 	 30 	 0.00037259 	 0.00001414 
2.979000 	 30 	 0.00026593 	 0.00001174 
2.969000 	 30 	 0.00025084 	 0.00001049 
2.959000 	 30 	 0.00033220 	 0.00001277 
2.950000 	 30 	 0.00034146 	 0.00001248 
2.939000 	 30 	 0.00015444 	 0.00000945 
2.929000 	 30 	 0.00009978 	 0.00000821 
2.925000 	 30 	 0.00010272 	 0.00000751 
2.923000 	 30 	 0.00010738 	 0.00000838 
2.442000 	 30 	 0.00030800 	 0.00001251 
2.436000 	 30 	 0.00052989 	 0.00001559 
2.434000 	 30 	 0.00028211 	 0.00001376 
2.475000 	 30 	 0.00008598 	 0.00000943 
2.474000 	 30 	 0.00012333 	 0.00001183 
2.472000 	 30 	 0.00035644 	 0.00001349 
2.727000 	 30 	 0.00063533 	 0.00002540 
2.723000 	 30 	 0.00073252 	 0.00002430 
2.124000 	 45 	 0.00013520 	 0.00001277 
2.868000 	 45 	 0.00024507 	 0.00002123 
2.706000 	 45 	 0.00040388 	 0.00002020 
2.705000 	 45 	 0.00032439 	 0.00001747 
2.704000 	 45 	 0.00027211 	 0.00001588 
2.702000 	 45 	 0.00022669 	 0.00001427 
2.697000 	 45 	 0.00016118 	 0.00001259 
2.879000 	 45 	 0.00050893 	 0.00002089 
2.712000 	 45 	 0.00064506 	 0.00003490 
2.759000 	 45 	 0.00038523 	 0.00001374 
2.755000 	 45 	 0.00037911 	 0.00002083 
2.802000 	 45 	 0.00035498 	 0.00001171 
2.790000 	 45 	 0.00007415 	 0.00001010 
2.774000 	 45 	 0.00014416 	 0.00001526 
2.764000 	 45 	 0.00029738 	 0.00001846 
2.762000 	 45 	 0.00032891 	 0.00002098 
2.888000 	 45 	 0.00018399 	 0.00001481 
2.911000 	 45 	 0.00028335 	 0.00001383 
2.908000 	 45 	 0.00079258 	 0.00003128 
2.914000 	 45 	 0.00036600 	 0.00001907 
2.912000 	 45 	 0.00025292 	 0.00001415 
2.989000 	 45 	 0.00037112 	 0.00001332 
2.979000 	 45 	 0.00026560 	 0.00001181 
2.969000 	 45 	 0.00027060 	 0.00001022 
2.959000 	 45 	 0.00035580 	 0.00001285 
2.950000 	 45 	 0.00034530 	 0.00001249 
2.939000 	 45 	 0.00017119 	 0.00000880 
2.929000 	 45 	 0.00012297 	 0.00000821 
2.925000 	 45 	 0.00010473 	 0.00000737 
2.923000 	 45 	 0.00011877 	 0.00000844 
2.442000 	 45 	 0.00029350 	 0.00001149 
2.436000 	 45 	 0.00054700 	 0.00001538 
2.434000 	 45 	 0.00030288 	 0.00001361 
2.475000 	 45 	 0.00009078 	 0.00000960 
2.474000 	 45 	 0.00012739 	 0.00001140 
2.472000 	 45 	 0.00035986 	 0.00001285 
2.727000 	 45 	 0.00064978 	 0.00002531 
2.723000 	 45 	 0.00073530 	 0.00002366 
2.124000 	 60 	 0.00014424 	 0.00001906 
2.868000 	 60 	 0.00027967 	 0.00002545 
2.706000 	 60 	 0.00042686 	 0.00002269 
2.705000 	 60 	 0.00033290 	 0.00001918 
2.704000 	 60 	 0.00027535 	 0.00001778 
2.702000 	 60 	 0.00020199 	 0.00001476 
2.697000 	 60 	 0.00014766 	 0.00001265 
2.879000 	 60 	 0.00050688 	 0.00002169 
2.712000 	 60 	 0.00070291 	 0.00003885 
2.759000 	 60 	 0.00038696 	 0.00001555 
2.755000 	 60 	 0.00040687 	 0.00002579 
2.802000 	 60 	 0.00034380 	 0.00001306 
2.790000 	 60 	 0.00007420 	 0.00001352 
2.774000 	 60 	 0.00016816 	 0.00002378 
2.764000 	 60 	 0.00031891 	 0.00002121 
2.762000 	 60 	 0.00032924 	 0.00002645 
2.892000 	 60 	 0.00018090 	 0.00002901 
2.888000 	 60 	 0.00020658 	 0.00001795 
2.884000 	 60 	 0.00017646 	 0.00002546 
2.911000 	 60 	 0.00029113 	 0.00001402 
2.908000 	 60 	 0.00083582 	 0.00003321 
2.914000 	 60 	 0.00035653 	 0.00001994 
2.912000 	 60 	 0.00025521 	 0.00001515 
2.989000 	 60 	 0.00040374 	 0.00001417 
2.979000 	 60 	 0.00029674 	 0.00001257 
2.969000 	 60 	 0.00028000 	 0.00001091 
2.959000 	 60 	 0.00037400 	 0.00001351 
2.950000 	 60 	 0.00035283 	 0.00001290 
2.939000 	 60 	 0.00017997 	 0.00000938 
2.929000 	 60 	 0.00012359 	 0.00000925 
2.925000 	 60 	 0.00012128 	 0.00000827 
2.923000 	 60 	 0.00012514 	 0.00000969 
2.442000 	 60 	 0.00031161 	 0.00001207 
2.436000 	 60 	 0.00055976 	 0.00001608 
2.434000 	 60 	 0.00031077 	 0.00001434 
2.475000 	 60 	 0.00010203 	 0.00000967 
2.474000 	 60 	 0.00015119 	 0.00001290 
2.472000 	 60 	 0.00039817 	 0.00001386 
2.727000 	 60 	 0.00065725 	 0.00002664 
2.723000 	 60 	 0.00075425 	 0.00002433 
2.124000 	 75 	 0.00011275 	 0.00001289 
2.868000 	 75 	 0.00024041 	 0.00002276 
2.706000 	 75 	 0.00036647 	 0.00002049 
2.705000 	 75 	 0.00028993 	 0.00001870 
2.704000 	 75 	 0.00023138 	 0.00001581 
2.702000 	 75 	 0.00018776 	 0.00001409 
2.697000 	 75 	 0.00011889 	 0.00001194 
2.879000 	 75 	 0.00040247 	 0.00001982 
2.712000 	 75 	 0.00061216 	 0.00003650 
2.759000 	 75 	 0.00035498 	 0.00001481 
2.755000 	 75 	 0.00035515 	 0.00002237 
2.802000 	 75 	 0.00030878 	 0.00001274 
2.790000 	 75 	 0.00008196 	 0.00001204 
2.774000 	 75 	 0.00014579 	 0.00001891 
2.764000 	 75 	 0.00028021 	 0.00002098 
2.762000 	 75 	 0.00025665 	 0.00002167 
2.888000 	 75 	 0.00016256 	 0.00001677 
2.911000 	 75 	 0.00025022 	 0.00001458 
2.908000 	 75 	 0.00070949 	 0.00003161 
2.914000 	 75 	 0.00029287 	 0.00001935 
2.912000 	 75 	 0.00019568 	 0.00001556 
2.989000 	 75 	 0.00035468 	 0.00001510 
2.979000 	 75 	 0.00027617 	 0.00001342 
2.969000 	 75 	 0.00025137 	 0.00001118 
2.959000 	 75 	 0.00034935 	 0.00001412 
2.950000 	 75 	 0.00031520 	 0.00001288 
2.939000 	 75 	 0.00016412 	 0.00000952 
2.929000 	 75 	 0.00011988 	 0.00000965 
2.925000 	 75 	 0.00011383 	 0.00000846 
2.923000 	 75 	 0.00012032 	 0.00000890 
2.442000 	 75 	 0.00026688 	 0.00001238 
2.436000 	 75 	 0.00047167 	 0.00001565 
2.434000 	 75 	 0.00026915 	 0.00001443 
2.475000 	 75 	 0.00008094 	 0.00000915 
2.474000 	 75 	 0.00013589 	 0.00001356 
2.472000 	 75 	 0.00035655 	 0.00001457 
2.727000 	 75 	 0.00062665 	 0.00002685 
2.723000 	 75 	 0.00068268 	 0.00002382 
2.868000 	 90 	 0.00023325 	 0.00002992 
2.706000 	 90 	 0.00032638 	 0.00002766 
2.705000 	 90 	 0.00025691 	 0.00002484 
2.704000 	 90 	 0.00017866 	 0.00002165 
2.702000 	 90 	 0.00012853 	 0.00001813 
2.697000 	 90 	 0.00010989 	 0.00001826 
2.879000 	 90 	 0.00035099 	 0.00002760 
2.712000 	 90 	 0.00051562 	 0.00004564 
2.759000 	 90 	 0.00032291 	 0.00002005 
2.755000 	 90 	 0.00030947 	 0.00002796 
2.802000 	 90 	 0.00028446 	 0.00001760 
2.764000 	 90 	 0.00023401 	 0.00002725 
2.762000 	 90 	 0.00026877 	 0.00003088 
2.888000 	 90 	 0.00015047 	 0.00002270 
2.911000 	 90 	 0.00021528 	 0.00001859 
2.908000 	 90 	 0.00062008 	 0.00004345 
2.914000 	 90 	 0.00023972 	 0.00002552 
2.912000 	 90 	 0.00017919 	 0.00001834 
2.989000 	 90 	 0.00033855 	 0.00001977 
2.979000 	 90 	 0.00026220 	 0.00001802 
2.969000 	 90 	 0.00024553 	 0.00001584 
2.959000 	 90 	 0.00030945 	 0.00001770 
2.950000 	 90 	 0.00031331 	 0.00001818 
2.939000 	 90 	 0.00014360 	 0.00001353 
2.929000 	 90 	 0.00010953 	 0.00001325 
2.925000 	 90 	 0.00010864 	 0.00001205 
2.923000 	 90 	 0.00010377 	 0.00001332 
2.442000 	 90 	 0.00025355 	 0.00001607 
2.436000 	 90 	 0.00045081 	 0.00002076 
2.434000 	 90 	 0.00024892 	 0.00001973 
2.475000 	 90 	 0.00008581 	 0.00001355 
2.474000 	 90 	 0.00011862 	 0.00001788 
2.472000 	 90 	 0.00034920 	 0.00001948 
2.727000 	 90 	 0.00051029 	 0.00003136 
2.723000 	 90 	 0.00059813 	 0.00003078 
