0.000000 	 0 	 0.33336758 	 0.08105432 
0.000000 	 0 	 inf 	 inf 
2.118370 	 0 	 0.00006142 	 0.00000651 
2.119520 	 0 	 0.00004264 	 0.00000859 
2.120470 	 0 	 0.00005091 	 0.00000635 
2.121540 	 0 	 0.00006535 	 0.00000727 
2.122510 	 0 	 0.00010872 	 0.00000997 
2.122990 	 0 	 0.00025870 	 0.00001658 
2.123510 	 0 	 0.00033358 	 0.00002210 
2.123820 	 0 	 0.00042278 	 0.00002508 
2.124990 	 0 	 0.00015525 	 0.00001455 
2.126020 	 0 	 0.00012862 	 0.00001100 
2.126890 	 0 	 0.00012940 	 0.00001269 
2.130850 	 0 	 0.00006769 	 0.00000833 
2.135920 	 0 	 0.00002096 	 0.00001153 
2.137760 	 0 	 0.00002518 	 0.00000628 
2.141810 	 0 	 0.00000799 	 0.00000720 
2.145870 	 0 	 0.00000564 	 0.00000508 
2.149720 	 0 	 0.00000000 	 0.00000000 
2.159890 	 0 	 0.00002686 	 0.00000524 
2.164570 	 0 	 0.00006464 	 0.00000525 
2.168990 	 0 	 0.00004972 	 0.00000469 
2.173480 	 0 	 0.00004429 	 0.00000979 
2.174050 	 0 	 0.00003014 	 0.00000499 
2.174500 	 0 	 0.00046082 	 0.00002917 
2.174870 	 0 	 0.00038701 	 0.00002253 
2.175030 	 0 	 0.00111615 	 0.00006087 
2.175420 	 0 	 0.00036767 	 0.00002644 
2.176030 	 0 	 0.00019450 	 0.00001187 
2.176440 	 0 	 0.00005628 	 0.00000599 
2.176890 	 0 	 0.00009575 	 0.00001195 
2.178040 	 0 	 0.00002460 	 0.00000475 
2.179100 	 0 	 0.00001008 	 0.00000209 
2.184990 	 0 	 0.00000386 	 0.00000208 
2.189560 	 0 	 0.00000779 	 0.00000231 
2.194720 	 0 	 0.00007017 	 0.00000751 
2.197410 	 0 	 0.00012202 	 0.00000908 
2.198050 	 0 	 0.00006472 	 0.00000730 
2.198110 	 0 	 0.00017988 	 0.00001584 
2.198440 	 0 	 0.00007760 	 0.00000779 
2.198520 	 0 	 0.00007672 	 0.00000973 
2.198990 	 0 	 0.00037360 	 0.00002642 
2.199130 	 0 	 0.00003863 	 0.00000539 
2.199380 	 0 	 0.00012469 	 0.00001335 
2.199500 	 0 	 0.00006424 	 0.00000754 
2.199550 	 0 	 0.00004607 	 0.00000622 
2.199790 	 0 	 0.00006405 	 0.00000583 
2.200000 	 0 	 0.00003504 	 0.00001335 
2.201830 	 0 	 0.00002172 	 0.00000392 
2.203960 	 0 	 0.00000806 	 0.00000643 
2.204930 	 0 	 0.00000732 	 0.00000403 
2.205400 	 0 	 0.00001094 	 0.00000341 
2.209740 	 0 	 0.00000929 	 0.00000390 
2.209950 	 0 	 0.00001374 	 0.00000595 
2.213700 	 0 	 0.00001546 	 0.00000654 
2.213840 	 0 	 0.00001358 	 0.00000542 
2.219920 	 0 	 0.00001525 	 0.00000436 
2.224650 	 0 	 0.00000907 	 0.00000235 
2.229400 	 0 	 0.00001756 	 0.00000511 
2.244560 	 0 	 0.00000748 	 0.00000350 
2.249520 	 0 	 0.00002733 	 0.00000800 
2.254450 	 0 	 0.00001983 	 0.00000693 
2.259650 	 0 	 0.00001675 	 0.00000533 
2.264190 	 0 	 0.00001064 	 0.00000344 
2.269090 	 0 	 0.00000441 	 0.00000419 
2.274660 	 0 	 0.00000565 	 0.00000238 
2.279420 	 0 	 0.00000495 	 0.00000446 
2.285030 	 0 	 0.00000615 	 0.00000326 
2.289970 	 0 	 0.00002415 	 0.00000458 
2.291730 	 0 	 0.00001006 	 0.00000263 
2.293930 	 0 	 0.00001197 	 0.00000432 
2.295690 	 0 	 0.00000413 	 0.00000238 
2.297750 	 0 	 0.00001755 	 0.00000590 
2.299810 	 0 	 0.00005605 	 0.00000915 
2.302010 	 0 	 0.00002625 	 0.00000551 
2.303460 	 0 	 0.00001741 	 0.00000383 
2.305900 	 0 	 0.00002365 	 0.00000790 
2.307710 	 0 	 0.00001562 	 0.00000348 
2.309810 	 0 	 0.00001746 	 0.00000803 
2.313860 	 0 	 0.00001103 	 0.00000345 
2.317990 	 0 	 0.00001440 	 0.00000630 
2.319650 	 0 	 0.00000587 	 0.00000528 
2.320900 	 0 	 0.00001535 	 0.00000446 
2.321850 	 0 	 0.00001838 	 0.00000643 
2.322880 	 0 	 0.00003062 	 0.00000561 
2.324060 	 0 	 0.00004025 	 0.00000635 
2.324060 	 0 	 0.00006005 	 0.00001098 
2.324460 	 0 	 0.00005562 	 0.00000905 
2.325070 	 0 	 0.00006088 	 0.00000671 
2.325480 	 0 	 0.00010250 	 0.00000765 
2.325810 	 0 	 0.00012912 	 0.00001080 
2.325960 	 0 	 0.00012640 	 0.00001223 
2.326550 	 0 	 0.00013055 	 0.00000979 
2.327020 	 0 	 0.00010680 	 0.00001038 
2.327550 	 0 	 0.00009773 	 0.00001037 
2.328010 	 0 	 0.00006088 	 0.00000751 
2.328560 	 0 	 0.00004554 	 0.00000923 
2.329020 	 0 	 0.00004414 	 0.00000672 
2.329790 	 0 	 0.00003013 	 0.00001192 
2.329910 	 0 	 0.00004220 	 0.00000499 
2.333930 	 0 	 0.00001449 	 0.00000879 
2.333970 	 0 	 0.00001801 	 0.00000368 
2.337380 	 0 	 0.00000236 	 0.00000213 
2.341740 	 0 	 0.00000000 	 0.00000000 
2.341780 	 0 	 0.00001689 	 0.00000394 
2.343500 	 0 	 0.00002249 	 0.00000595 
2.343950 	 0 	 0.00000000 	 0.00000000 
2.345220 	 0 	 0.00001644 	 0.00000348 
2.345920 	 0 	 0.00000808 	 0.00000373 
2.346700 	 0 	 0.00002624 	 0.00000729 
2.347950 	 0 	 0.00000922 	 0.00000604 
2.348080 	 0 	 0.00003607 	 0.00000768 
2.349460 	 0 	 0.00001791 	 0.00000719 
2.349650 	 0 	 0.00001432 	 0.00000770 
2.350520 	 0 	 0.00002527 	 0.00000659 
2.351240 	 0 	 0.00001292 	 0.00000422 
2.351940 	 0 	 0.00003198 	 0.00000939 
2.352030 	 0 	 0.00003973 	 0.00000730 
2.352770 	 0 	 0.00004283 	 0.00000844 
2.353600 	 0 	 0.00004959 	 0.00000945 
2.353900 	 0 	 0.00002481 	 0.00000912 
2.354090 	 0 	 0.00005864 	 0.00000813 
2.354660 	 0 	 0.00004624 	 0.00000982 
2.355190 	 0 	 0.00004242 	 0.00000707 
2.355730 	 0 	 0.00005513 	 0.00000629 
2.356000 	 0 	 0.00006452 	 0.00001238 
2.356430 	 0 	 0.00006939 	 0.00000892 
2.356940 	 0 	 0.00007409 	 0.00000683 
2.357430 	 0 	 0.00009547 	 0.00000913 
2.357740 	 0 	 0.00009365 	 0.00000878 
2.357740 	 0 	 0.00005427 	 0.00000787 
2.358320 	 0 	 0.00010296 	 0.00000761 
2.358810 	 0 	 0.00009107 	 0.00001002 
2.359230 	 0 	 0.00009762 	 0.00000880 
2.359940 	 0 	 0.00008505 	 0.00001207 
2.359940 	 0 	 0.00009444 	 0.00000884 
2.360470 	 0 	 0.00009185 	 0.00000850 
2.361020 	 0 	 0.00010256 	 0.00000723 
2.361230 	 0 	 0.00008586 	 0.00000996 
2.361490 	 0 	 0.00009490 	 0.00000677 
2.362000 	 0 	 0.00010739 	 0.00000842 
2.362530 	 0 	 0.00010673 	 0.00000769 
2.362870 	 0 	 0.00010621 	 0.00000807 
2.363360 	 0 	 0.00011776 	 0.00000841 
2.363810 	 0 	 0.00009102 	 0.00000820 
2.364000 	 0 	 0.00010939 	 0.00000757 
2.364450 	 0 	 0.00014995 	 0.00001030 
2.364920 	 0 	 0.00013463 	 0.00000887 
2.365450 	 0 	 0.00016641 	 0.00001104 
2.366000 	 0 	 0.00012038 	 0.00000910 
2.366490 	 0 	 0.00018890 	 0.00001166 
2.366900 	 0 	 0.00017759 	 0.00001119 
2.367430 	 0 	 0.00021178 	 0.00001328 
2.367920 	 0 	 0.00023661 	 0.00001391 
2.368520 	 0 	 0.00025860 	 0.00001571 
2.369260 	 0 	 0.00025744 	 0.00001530 
2.369560 	 0 	 0.00023427 	 0.00001395 
2.369880 	 0 	 0.00023433 	 0.00001404 
2.370600 	 0 	 0.00024711 	 0.00001515 
2.370950 	 0 	 0.00018094 	 0.00001130 
2.371520 	 0 	 0.00013990 	 0.00001054 
2.371990 	 0 	 0.00017511 	 0.00001112 
2.372290 	 0 	 0.00020973 	 0.00001420 
2.372460 	 0 	 0.00017729 	 0.00001193 
2.372970 	 0 	 0.00016528 	 0.00001119 
2.374120 	 0 	 0.00013737 	 0.00000982 
2.375020 	 0 	 0.00012789 	 0.00000943 
2.375920 	 0 	 0.00005244 	 0.00000448 
2.376960 	 0 	 0.00006491 	 0.00000607 
2.377920 	 0 	 0.00007556 	 0.00000815 
2.379870 	 0 	 0.00005452 	 0.00000667 
2.381900 	 0 	 0.00004041 	 0.00000538 
2.384030 	 0 	 0.00004785 	 0.00000876 
2.385960 	 0 	 0.00008716 	 0.00000749 
2.387880 	 0 	 0.00003494 	 0.00000509 
2.389810 	 0 	 0.00003231 	 0.00000749 
2.390070 	 0 	 0.00002789 	 0.00000603 
2.391800 	 0 	 0.00003221 	 0.00000497 
2.393860 	 0 	 0.00005025 	 0.00000636 
2.394800 	 0 	 0.00003743 	 0.00000689 
2.395960 	 0 	 0.00005915 	 0.00000741 
2.398040 	 0 	 0.00004982 	 0.00000591 
2.399750 	 0 	 0.00004616 	 0.00000724 
2.400090 	 0 	 0.00003764 	 0.00000380 
2.401750 	 0 	 0.00003353 	 0.00000395 
2.403530 	 0 	 0.00003252 	 0.00000626 
2.405700 	 0 	 0.00002794 	 0.00000379 
2.407800 	 0 	 0.00003090 	 0.00000407 
2.409860 	 0 	 0.00001378 	 0.00000801 
2.409930 	 0 	 0.00002112 	 0.00000317 
2.411670 	 0 	 0.00002525 	 0.00000363 
2.414510 	 0 	 0.00001650 	 0.00000218 
2.414880 	 0 	 0.00002017 	 0.00000429 
2.419530 	 0 	 0.00003897 	 0.00000479 
2.419740 	 0 	 0.00002397 	 0.00000331 
2.423620 	 0 	 0.00003591 	 0.00000486 
2.423770 	 0 	 0.00004401 	 0.00000445 
2.426490 	 0 	 0.00005858 	 0.00000437 
2.427910 	 0 	 0.00006769 	 0.00000746 
2.428620 	 0 	 0.00007912 	 0.00000616 
2.429940 	 0 	 0.00009431 	 0.00000669 
2.430910 	 0 	 0.00008332 	 0.00000812 
2.431880 	 0 	 0.00014248 	 0.00000826 
2.432660 	 0 	 0.00014299 	 0.00001064 
2.433830 	 0 	 0.00024177 	 0.00001407 
2.434910 	 0 	 0.00029693 	 0.00001783 
2.435210 	 0 	 0.00039921 	 0.00002223 
2.435990 	 0 	 0.00042599 	 0.00002462 
2.436980 	 0 	 0.00053294 	 0.00002881 
2.437520 	 0 	 0.00065793 	 0.00003477 
2.437950 	 0 	 0.00065534 	 0.00003491 
2.438040 	 0 	 0.00063862 	 0.00003428 
2.438770 	 0 	 0.00056939 	 0.00003287 
2.438880 	 0 	 0.00065183 	 0.00003500 
2.439230 	 0 	 0.00062229 	 0.00003303 
2.439640 	 0 	 0.00056354 	 0.00003042 
2.439810 	 0 	 0.00056977 	 0.00002965 
2.440050 	 0 	 0.00064056 	 0.00003406 
2.440870 	 0 	 0.00043445 	 0.00002339 
2.440940 	 0 	 0.00047083 	 0.00002559 
2.441850 	 0 	 0.00036036 	 0.00001995 
2.441980 	 0 	 0.00036482 	 0.00002028 
2.442890 	 0 	 0.00028135 	 0.00001638 
2.443770 	 0 	 0.00021873 	 0.00001293 
2.443970 	 0 	 0.00023374 	 0.00001401 
2.445790 	 0 	 0.00015978 	 0.00001091 
2.447710 	 0 	 0.00010494 	 0.00000803 
2.447890 	 0 	 0.00012314 	 0.00000962 
2.449880 	 0 	 0.00008584 	 0.00000727 
2.451770 	 0 	 0.00006454 	 0.00000568 
2.452240 	 0 	 0.00004940 	 0.00000568 
2.453930 	 0 	 0.00005269 	 0.00000800 
2.455910 	 0 	 0.00004745 	 0.00000579 
2.455910 	 0 	 0.00005298 	 0.00000878 
2.458080 	 0 	 0.00005081 	 0.00000569 
2.459770 	 0 	 0.00005278 	 0.00000878 
2.459770 	 0 	 0.00003832 	 0.00000488 
2.461860 	 0 	 0.00003178 	 0.00000519 
2.461950 	 0 	 0.00003353 	 0.00000600 
2.463790 	 0 	 0.00006569 	 0.00000640 
2.464810 	 0 	 0.00005398 	 0.00000733 
2.465840 	 0 	 0.00007923 	 0.00000746 
2.465900 	 0 	 0.00009697 	 0.00000772 
2.466290 	 0 	 0.00008664 	 0.00000800 
2.466920 	 0 	 0.00010255 	 0.00000888 
2.467400 	 0 	 0.00046193 	 0.00002640 
2.467810 	 0 	 0.00026045 	 0.00001527 
2.467970 	 0 	 0.00040701 	 0.00002421 
2.468450 	 0 	 0.00018585 	 0.00001341 
2.468880 	 0 	 0.00023340 	 0.00001592 
2.469360 	 0 	 0.00021807 	 0.00001416 
2.469790 	 0 	 0.00033181 	 0.00001927 
2.469820 	 0 	 0.00034421 	 0.00002037 
2.470560 	 0 	 0.00037769 	 0.00002196 
2.470970 	 0 	 0.00041923 	 0.00002451 
2.471270 	 0 	 0.00043333 	 0.00002498 
2.471770 	 0 	 0.00040689 	 0.00002358 
2.471880 	 0 	 0.00035442 	 0.00002026 
2.472430 	 0 	 0.00038450 	 0.00002223 
2.473760 	 0 	 0.00018644 	 0.00001281 
2.473780 	 0 	 0.00014631 	 0.00000868 
2.474800 	 0 	 0.00012086 	 0.00001006 
2.475890 	 0 	 0.00010187 	 0.00000901 
2.476780 	 0 	 0.00007969 	 0.00000877 
2.477770 	 0 	 0.00010390 	 0.00000683 
2.477830 	 0 	 0.00008720 	 0.00000989 
2.478920 	 0 	 0.00010710 	 0.00001016 
2.479840 	 0 	 0.00010367 	 0.00001129 
2.479860 	 0 	 0.00006889 	 0.00000665 
2.480950 	 0 	 0.00009698 	 0.00000622 
2.481010 	 0 	 0.00007545 	 0.00000936 
2.481490 	 0 	 0.00010795 	 0.00000951 
2.481950 	 0 	 0.00013342 	 0.00001115 
2.481970 	 0 	 0.00015590 	 0.00001094 
2.482430 	 0 	 0.00028719 	 0.00001577 
2.482500 	 0 	 0.00020311 	 0.00001542 
2.482890 	 0 	 0.00059618 	 0.00003251 
2.483000 	 0 	 0.00031933 	 0.00002012 
2.483440 	 0 	 0.00069793 	 0.00003882 
2.483480 	 0 	 0.00241061 	 0.00012455 
2.483920 	 0 	 0.00378264 	 0.00019275 
2.483920 	 0 	 0.00380262 	 0.00019618 
2.484480 	 0 	 0.00227402 	 0.00011832 
2.484500 	 0 	 0.00404458 	 0.00020586 
2.484960 	 0 	 0.00113546 	 0.00005946 
2.484960 	 0 	 0.00203354 	 0.00010529 
2.485510 	 0 	 0.00057086 	 0.00002975 
2.485700 	 0 	 0.00070709 	 0.00003988 
2.485970 	 0 	 0.00030609 	 0.00001787 
2.486430 	 0 	 0.00025896 	 0.00001400 
2.486800 	 0 	 0.00028382 	 0.00001767 
2.486820 	 0 	 0.00019512 	 0.00001065 
2.487470 	 0 	 0.00014545 	 0.00000827 
2.487910 	 0 	 0.00012657 	 0.00000736 
2.488020 	 0 	 0.00014486 	 0.00001076 
2.488940 	 0 	 0.00010208 	 0.00000974 
2.489000 	 0 	 0.00007262 	 0.00000518 
2.489830 	 0 	 0.00004953 	 0.00000658 
2.489920 	 0 	 0.00006070 	 0.00000419 
2.490950 	 0 	 0.00004318 	 0.00000378 
2.491080 	 0 	 0.00004589 	 0.00001035 
2.491840 	 0 	 0.00004693 	 0.00000484 
2.491840 	 0 	 0.00003209 	 0.00000513 
2.492760 	 0 	 0.00002897 	 0.00000269 
2.493020 	 0 	 0.00002904 	 0.00000562 
2.493920 	 0 	 0.00002253 	 0.00000500 
2.494820 	 0 	 0.00001726 	 0.00000399 
2.494930 	 0 	 0.00002658 	 0.00000312 
2.496060 	 0 	 0.00004945 	 0.00000565 
2.496830 	 0 	 0.00002834 	 0.00000602 
2.496870 	 0 	 0.00002111 	 0.00000273 
2.497880 	 0 	 0.00002872 	 0.00000433 
2.498930 	 0 	 0.00002977 	 0.00000597 
2.499320 	 0 	 0.00002491 	 0.00000282 
2.500020 	 0 	 0.00003231 	 0.00000804 
2.500920 	 0 	 0.00001008 	 0.00000412 
2.501910 	 0 	 0.00002876 	 0.00000853 
2.502890 	 0 	 0.00001171 	 0.00000360 
2.503680 	 0 	 0.00002243 	 0.00000442 
2.504910 	 0 	 0.00002976 	 0.00000622 
2.505960 	 0 	 0.00002073 	 0.00000385 
2.506730 	 0 	 0.00001800 	 0.00000366 
2.507930 	 0 	 0.00002222 	 0.00000511 
2.509030 	 0 	 0.00003029 	 0.00000590 
2.510300 	 0 	 0.00003521 	 0.00000711 
2.510700 	 0 	 0.00001348 	 0.00000986 
2.513020 	 0 	 0.00058586 	 0.00003329 
2.514980 	 0 	 0.00004744 	 0.00000760 
2.516430 	 0 	 0.00003316 	 0.00000734 
2.518650 	 0 	 0.00003014 	 0.00000553 
2.520760 	 0 	 0.00004696 	 0.00000864 
2.522930 	 0 	 0.00004846 	 0.00000830 
2.525040 	 0 	 0.00003503 	 0.00000749 
2.526960 	 0 	 0.00003998 	 0.00000684 
2.528850 	 0 	 0.00003829 	 0.00000722 
2.530860 	 0 	 0.00003645 	 0.00000631 
2.532970 	 0 	 0.00002952 	 0.00000703 
2.535000 	 0 	 0.00005107 	 0.00000656 
2.536830 	 0 	 0.00005430 	 0.00000742 
2.539280 	 0 	 0.00004277 	 0.00000637 
2.540800 	 0 	 0.00003417 	 0.00000676 
2.542830 	 0 	 0.00003853 	 0.00000592 
2.544840 	 0 	 0.00004587 	 0.00000664 
2.546980 	 0 	 0.00004786 	 0.00000911 
2.549020 	 0 	 0.00006978 	 0.00000845 
2.550940 	 0 	 0.00007305 	 0.00000997 
2.552890 	 0 	 0.00010188 	 0.00000928 
2.554970 	 0 	 0.00011179 	 0.00000969 
2.556940 	 0 	 0.00013331 	 0.00001261 
2.558980 	 0 	 0.00016834 	 0.00001349 
2.560950 	 0 	 0.00023924 	 0.00001570 
2.562990 	 0 	 0.00030763 	 0.00002059 
2.564940 	 0 	 0.00051494 	 0.00002891 
2.566910 	 0 	 0.00079294 	 0.00004277 
2.568980 	 0 	 0.00101588 	 0.00005324 
2.570930 	 0 	 0.00075005 	 0.00004288 
2.572970 	 0 	 0.00064953 	 0.00003524 
2.574930 	 0 	 0.00049426 	 0.00002696 
2.576770 	 0 	 0.00043259 	 0.00002455 
2.578950 	 0 	 0.00035676 	 0.00002124 
2.580820 	 0 	 0.00034679 	 0.00002021 
2.582980 	 0 	 0.00032312 	 0.00001907 
2.584980 	 0 	 0.00030228 	 0.00001831 
2.586830 	 0 	 0.00029061 	 0.00001760 
2.588970 	 0 	 0.00024909 	 0.00001657 
2.590770 	 0 	 0.00025271 	 0.00001573 
2.593020 	 0 	 0.00025458 	 0.00001629 
2.594980 	 0 	 0.00019965 	 0.00001595 
2.596810 	 0 	 0.00018101 	 0.00001222 
2.597800 	 0 	 0.00020717 	 0.00001378 
2.599110 	 0 	 0.00022612 	 0.00001439 
2.599980 	 0 	 0.00047774 	 0.00002740 
2.602080 	 0 	 0.00045428 	 0.00002595 
2.603670 	 0 	 0.00022998 	 0.00001536 
2.605770 	 0 	 0.00015126 	 0.00001101 
2.608030 	 0 	 0.00011769 	 0.00000913 
2.609880 	 0 	 0.00014127 	 0.00001028 
2.614540 	 0 	 0.00010720 	 0.00000917 
2.619960 	 0 	 0.00008505 	 0.00000857 
2.624420 	 0 	 0.00009865 	 0.00000954 
2.629430 	 0 	 0.00005454 	 0.00000909 
2.635040 	 0 	 0.00010890 	 0.00000981 
2.639580 	 0 	 0.00008808 	 0.00000793 
2.644870 	 0 	 0.00010887 	 0.00000909 
2.649400 	 0 	 0.00014457 	 0.00001178 
2.651930 	 0 	 0.00015121 	 0.00001093 
2.653930 	 0 	 0.00019955 	 0.00001424 
2.655740 	 0 	 0.00021964 	 0.00001466 
2.657570 	 0 	 0.00029481 	 0.00001692 
2.659820 	 0 	 0.00033849 	 0.00001954 
2.661650 	 0 	 0.00043475 	 0.00002436 
2.663910 	 0 	 0.00033614 	 0.00002295 
2.666150 	 0 	 0.00068179 	 0.00003707 
2.668030 	 0 	 0.00040186 	 0.00002521 
2.670180 	 0 	 0.00057740 	 0.00003076 
2.671600 	 0 	 0.00056380 	 0.00003042 
2.673820 	 0 	 0.00053352 	 0.00002857 
2.675680 	 0 	 0.00040432 	 0.00002298 
2.677920 	 0 	 0.00030338 	 0.00001868 
2.684700 	 0 	 0.00020107 	 0.00001275 
2.689650 	 0 	 0.00017012 	 0.00001138 
2.694710 	 0 	 0.00020526 	 0.00001261 
2.697900 	 0 	 0.00016232 	 0.00001179 
2.699850 	 0 	 0.00019971 	 0.00001257 
2.702950 	 0 	 0.00020100 	 0.00001485 
2.703900 	 0 	 0.00025427 	 0.00001542 
2.705000 	 0 	 0.00027628 	 0.00001801 
2.705910 	 0 	 0.00034298 	 0.00002249 
2.706520 	 0 	 0.00041374 	 0.00002542 
2.707000 	 0 	 0.00053891 	 0.00003266 
2.707370 	 0 	 0.00072390 	 0.00003940 
2.707590 	 0 	 0.00076822 	 0.00004386 
2.707910 	 0 	 0.00100039 	 0.00005508 
2.708370 	 0 	 0.00170188 	 0.00008938 
2.708410 	 0 	 0.00194654 	 0.00010116 
2.708530 	 0 	 0.00228527 	 0.00012018 
2.708710 	 0 	 0.00277846 	 0.00014347 
2.708890 	 0 	 0.00311460 	 0.00016135 
2.708920 	 0 	 0.00298593 	 0.00015236 
2.709260 	 0 	 0.00312946 	 0.00016255 
2.709530 	 0 	 0.00299714 	 0.00015595 
2.709550 	 0 	 0.00284746 	 0.00015023 
2.709940 	 0 	 0.00196385 	 0.00010295 
2.710030 	 0 	 0.00204933 	 0.00010932 
2.710490 	 0 	 0.00158983 	 0.00008391 
2.710990 	 0 	 0.00106280 	 0.00006044 
2.711420 	 0 	 0.00097656 	 0.00005460 
2.711860 	 0 	 0.00096392 	 0.00005321 
2.711920 	 0 	 0.00072921 	 0.00004546 
2.712360 	 0 	 0.00062807 	 0.00004020 
2.713020 	 0 	 0.00056424 	 0.00003304 
2.713480 	 0 	 0.00058956 	 0.00003551 
2.713930 	 0 	 0.00056383 	 0.00003504 
2.713930 	 0 	 0.00063144 	 0.00003538 
2.714520 	 0 	 0.00054119 	 0.00003299 
2.714840 	 0 	 0.00055260 	 0.00003231 
2.715550 	 0 	 0.00056883 	 0.00003525 
2.715960 	 0 	 0.00056040 	 0.00003283 
2.716050 	 0 	 0.00054966 	 0.00003641 
2.716490 	 0 	 0.00052679 	 0.00003607 
2.716990 	 0 	 0.00054367 	 0.00003832 
2.717420 	 0 	 0.00036934 	 0.00003596 
2.717860 	 0 	 0.00058082 	 0.00003529 
2.717900 	 0 	 0.00060855 	 0.00004119 
2.717950 	 0 	 0.00057617 	 0.00003700 
2.718540 	 0 	 0.00061353 	 0.00004047 
2.718980 	 0 	 0.00066200 	 0.00003972 
2.719000 	 0 	 0.00046036 	 0.00004051 
2.719550 	 0 	 0.00033459 	 0.00003991 
2.719730 	 0 	 0.00066477 	 0.00003853 
2.719870 	 0 	 0.00053686 	 0.00003952 
2.720090 	 0 	 0.00067172 	 0.00004037 
2.720250 	 0 	 0.00059809 	 0.00003542 
2.721030 	 0 	 0.00082665 	 0.00004789 
2.721970 	 0 	 0.00110870 	 0.00005940 
2.722010 	 0 	 0.00121570 	 0.00006817 
2.723000 	 0 	 0.00081685 	 0.00004651 
2.723770 	 0 	 0.00072162 	 0.00003985 
2.724020 	 0 	 0.00072513 	 0.00004354 
2.725030 	 0 	 0.00067277 	 0.00003796 
2.725970 	 0 	 0.00062704 	 0.00003931 
2.726930 	 0 	 0.00064118 	 0.00003695 
2.727750 	 0 	 0.00060538 	 0.00003526 
2.728050 	 0 	 0.00065958 	 0.00004062 
2.729010 	 0 	 0.00065251 	 0.00004004 
2.730080 	 0 	 0.00059176 	 0.00003842 
2.731040 	 0 	 0.00067127 	 0.00003710 
2.731460 	 0 	 0.00059605 	 0.00004039 
2.731840 	 0 	 0.00073543 	 0.00004189 
2.731910 	 0 	 0.00067848 	 0.00004165 
2.732000 	 0 	 0.00069807 	 0.00004403 
2.732530 	 0 	 0.00086993 	 0.00005357 
2.732900 	 0 	 0.00091032 	 0.00005324 
2.733470 	 0 	 0.00105374 	 0.00006214 
2.733880 	 0 	 0.00116633 	 0.00006452 
2.734070 	 0 	 0.00122577 	 0.00007246 
2.734230 	 0 	 0.00138876 	 0.00007707 
2.734390 	 0 	 0.00155815 	 0.00008747 
2.734730 	 0 	 0.00205866 	 0.00010856 
2.734840 	 0 	 0.00209615 	 0.00010780 
2.734940 	 0 	 0.00188628 	 0.00010191 
2.735000 	 0 	 0.00176085 	 0.00009763 
2.735320 	 0 	 0.00181143 	 0.00010548 
2.735440 	 0 	 0.00343161 	 0.00017985 
2.735480 	 0 	 0.00278814 	 0.00014679 
2.735810 	 0 	 0.00314171 	 0.00016548 
2.735870 	 0 	 0.00575270 	 0.00029537 
2.736010 	 0 	 0.00480008 	 0.00024549 
2.736220 	 0 	 0.00611216 	 0.00031458 
2.736360 	 0 	 0.00880266 	 0.00045066 
2.736520 	 0 	 0.00655177 	 0.00033988 
2.736720 	 0 	 0.00841729 	 0.00042173 
2.736950 	 0 	 0.00789673 	 0.00039579 
2.736950 	 0 	 0.00760843 	 0.00038472 
2.737390 	 0 	 0.00753788 	 0.00037894 
2.737430 	 0 	 0.00628853 	 0.00031668 
2.738030 	 0 	 0.00316326 	 0.00016004 
2.738350 	 0 	 0.00246825 	 0.00012523 
2.738370 	 0 	 0.00282352 	 0.00014496 
2.738850 	 0 	 0.00214408 	 0.00010984 
2.738940 	 0 	 0.00125115 	 0.00006699 
2.739130 	 0 	 0.00129976 	 0.00006720 
2.739310 	 0 	 0.00170244 	 0.00008727 
2.739330 	 0 	 0.00425629 	 0.00021493 
2.739520 	 0 	 0.00110215 	 0.00005659 
2.739810 	 0 	 0.00132041 	 0.00006878 
2.739950 	 0 	 0.00113560 	 0.00005857 
2.740300 	 0 	 0.00101189 	 0.00005483 
2.740690 	 0 	 0.00082822 	 0.00004364 
2.740780 	 0 	 0.00079646 	 0.00004505 
2.741210 	 0 	 0.00063863 	 0.00003448 
2.741400 	 0 	 0.00065663 	 0.00003526 
2.741670 	 0 	 0.00059838 	 0.00003229 
2.741880 	 0 	 0.00049373 	 0.00003187 
2.741990 	 0 	 0.00058954 	 0.00003160 
2.742340 	 0 	 0.00049745 	 0.00002805 
2.742520 	 0 	 0.00056834 	 0.00003054 
2.742520 	 0 	 0.00056241 	 0.00002977 
2.742820 	 0 	 0.00049708 	 0.00002777 
2.742890 	 0 	 0.00050119 	 0.00002694 
2.743230 	 0 	 0.00032405 	 0.00001980 
2.743780 	 0 	 0.00042838 	 0.00002362 
2.745320 	 0 	 0.00033063 	 0.00002460 
2.745590 	 0 	 0.00038522 	 0.00002363 
2.745940 	 0 	 0.00035566 	 0.00002048 
2.745960 	 0 	 0.00029178 	 0.00002014 
2.747800 	 0 	 0.00035969 	 0.00002011 
2.747960 	 0 	 0.00030604 	 0.00002065 
2.749890 	 0 	 0.00037150 	 0.00002223 
2.749890 	 0 	 0.00036737 	 0.00002078 
2.751470 	 0 	 0.00035621 	 0.00002275 
2.751980 	 0 	 0.00038288 	 0.00002128 
2.753910 	 0 	 0.00039369 	 0.00002816 
2.753910 	 0 	 0.00041312 	 0.00002320 
2.755720 	 0 	 0.00036068 	 0.00002340 
2.757810 	 0 	 0.00041496 	 0.00002270 
2.757930 	 0 	 0.00040207 	 0.00002543 
2.758480 	 0 	 0.00036742 	 0.00002387 
2.758890 	 0 	 0.00036162 	 0.00002352 
2.759260 	 0 	 0.00038480 	 0.00002187 
2.760390 	 0 	 0.00037103 	 0.00002293 
2.760870 	 0 	 0.00040554 	 0.00002548 
2.761380 	 0 	 0.00036267 	 0.00002144 
2.761820 	 0 	 0.00038589 	 0.00002121 
2.761930 	 0 	 0.00034439 	 0.00002151 
2.762850 	 0 	 0.00032888 	 0.00002237 
2.763840 	 0 	 0.00035832 	 0.00002026 
2.764050 	 0 	 0.00027518 	 0.00002153 
2.765820 	 0 	 0.00027360 	 0.00001819 
2.765940 	 0 	 0.00029615 	 0.00001748 
2.767710 	 0 	 0.00027569 	 0.00001622 
2.769620 	 0 	 0.00024080 	 0.00001398 
2.769850 	 0 	 0.00022495 	 0.00001396 
2.771860 	 0 	 0.00021157 	 0.00001365 
2.774530 	 0 	 0.00016254 	 0.00002123 
2.775890 	 0 	 0.00015864 	 0.00001397 
2.779750 	 0 	 0.00013648 	 0.00001203 
2.783790 	 0 	 0.00010993 	 0.00001030 
2.787760 	 0 	 0.00009186 	 0.00000995 
2.790120 	 0 	 0.00005725 	 0.00000783 
2.791790 	 0 	 0.00008915 	 0.00000834 
2.795880 	 0 	 0.00009356 	 0.00001373 
2.799220 	 0 	 0.00009938 	 0.00001669 
2.799730 	 0 	 0.00013732 	 0.00001311 
2.801910 	 0 	 0.00013910 	 0.00001571 
2.801910 	 0 	 0.00025106 	 0.00001615 
2.802630 	 0 	 0.00035548 	 0.00001941 
2.803460 	 0 	 0.00049864 	 0.00002972 
2.803550 	 0 	 0.00031615 	 0.00002208 
2.804480 	 0 	 0.00071063 	 0.00003812 
2.804800 	 0 	 0.00104652 	 0.00005771 
2.805060 	 0 	 0.00131917 	 0.00007122 
2.805270 	 0 	 0.00164311 	 0.00008752 
2.805780 	 0 	 0.00214643 	 0.00010906 
2.805800 	 0 	 0.00206867 	 0.00010846 
2.806080 	 0 	 0.00222040 	 0.00011574 
2.806240 	 0 	 0.00226248 	 0.00011773 
2.806470 	 0 	 0.00202712 	 0.00010766 
2.807050 	 0 	 0.00161430 	 0.00008606 
2.807560 	 0 	 0.00114454 	 0.00006199 
2.807700 	 0 	 0.00082287 	 0.00004415 
2.808030 	 0 	 0.00064203 	 0.00004401 
2.808520 	 0 	 0.00069787 	 0.00004096 
2.809050 	 0 	 0.00047023 	 0.00003401 
2.809400 	 0 	 0.00049733 	 0.00003206 
2.809420 	 0 	 0.00043554 	 0.00002413 
2.811650 	 0 	 0.00021533 	 0.00001527 
2.813860 	 0 	 0.00014421 	 0.00001178 
2.815950 	 0 	 0.00010407 	 0.00000964 
2.818010 	 0 	 0.00009281 	 0.00001035 
2.819570 	 0 	 0.00006156 	 0.00000787 
2.821780 	 0 	 0.00007925 	 0.00001050 
2.824150 	 0 	 0.00007139 	 0.00000765 
2.826370 	 0 	 0.00004831 	 0.00000734 
2.829440 	 0 	 0.00007064 	 0.00000949 
2.832050 	 0 	 0.00004411 	 0.00000595 
2.834640 	 0 	 0.00004463 	 0.00000916 
2.837270 	 0 	 0.00006061 	 0.00000913 
2.839630 	 0 	 0.00023884 	 0.00001630 
2.839930 	 0 	 0.00013329 	 0.00001412 
2.840370 	 0 	 0.00025638 	 0.00001737 
2.840720 	 0 	 0.00052650 	 0.00003201 
2.841050 	 0 	 0.00137955 	 0.00007520 
2.841330 	 0 	 0.00148564 	 0.00008089 
2.841560 	 0 	 0.00105634 	 0.00006007 
2.841800 	 0 	 0.00066147 	 0.00004046 
2.841870 	 0 	 0.00029954 	 0.00001820 
2.843430 	 0 	 0.00008869 	 0.00001075 
2.846420 	 0 	 0.00009680 	 0.00001517 
2.851470 	 0 	 0.00005203 	 0.00000841 
2.853710 	 0 	 0.00005913 	 0.00000806 
2.855700 	 0 	 0.00006960 	 0.00000749 
2.858020 	 0 	 0.00005494 	 0.00000790 
2.858460 	 0 	 0.00004817 	 0.00000955 
2.858980 	 0 	 0.00007415 	 0.00000777 
2.859400 	 0 	 0.00005285 	 0.00000952 
2.859470 	 0 	 0.00006789 	 0.00000778 
2.861790 	 0 	 0.00011799 	 0.00000715 
2.865940 	 0 	 0.00013954 	 0.00001558 
2.867530 	 0 	 0.00018862 	 0.00001625 
2.868960 	 0 	 0.00024139 	 0.00001929 
2.869830 	 0 	 0.00048992 	 0.00002854 
2.869850 	 0 	 0.00040168 	 0.00002852 
2.870440 	 0 	 0.00035472 	 0.00002777 
2.870790 	 0 	 0.00082073 	 0.00005716 
2.870980 	 0 	 0.00067866 	 0.00003923 
2.871100 	 0 	 0.00055268 	 0.00003460 
2.871560 	 0 	 0.00070857 	 0.00004219 
2.871920 	 0 	 0.00096102 	 0.00005550 
2.871920 	 0 	 0.00069179 	 0.00006226 
2.872030 	 0 	 0.00091755 	 0.00005684 
2.872250 	 0 	 0.00086177 	 0.00005170 
2.872500 	 0 	 0.00069718 	 0.00005515 
2.872810 	 0 	 0.00086239 	 0.00005477 
2.872880 	 0 	 0.00086865 	 0.00007764 
2.872970 	 0 	 0.00087662 	 0.00005160 
2.873180 	 0 	 0.00083098 	 0.00005138 
2.873370 	 0 	 0.00077950 	 0.00004899 
2.873860 	 0 	 0.00041778 	 0.00003277 
2.873980 	 0 	 0.00063613 	 0.00004350 
2.874120 	 0 	 0.00053226 	 0.00004053 
2.874800 	 0 	 0.00049352 	 0.00005271 
2.874870 	 0 	 0.00049267 	 0.00003639 
2.875840 	 0 	 0.00037984 	 0.00002268 
2.875910 	 0 	 0.00050977 	 0.00004632 
2.876020 	 0 	 0.00043311 	 0.00002373 
2.876850 	 0 	 0.00054636 	 0.00005011 
2.876990 	 0 	 0.00033191 	 0.00002136 
2.877950 	 0 	 0.00059904 	 0.00003653 
2.878020 	 0 	 0.00081664 	 0.00004716 
2.878800 	 0 	 0.00053149 	 0.00003915 
2.878940 	 0 	 0.00061226 	 0.00003482 
2.878940 	 0 	 0.00070565 	 0.00004408 
2.879990 	 0 	 0.00042107 	 0.00002508 
2.880820 	 0 	 0.00019194 	 0.00002066 
2.880980 	 0 	 0.00028319 	 0.00003320 
2.884880 	 0 	 0.00010530 	 0.00002516 
2.888790 	 0 	 0.00017920 	 0.00001440 
2.892670 	 0 	 0.00013960 	 0.00002992 
2.896730 	 0 	 0.00010224 	 0.00002060 
2.900780 	 0 	 0.00008277 	 0.00002003 
2.904440 	 0 	 0.00042228 	 0.00002641 
2.904810 	 0 	 0.00080997 	 0.00004622 
2.905760 	 0 	 0.00383309 	 0.00021135 
2.905950 	 0 	 0.00645832 	 0.00032887 
2.905950 	 0 	 0.00546479 	 0.00028051 
2.906440 	 0 	 0.00328777 	 0.00018397 
2.906750 	 0 	 0.00446669 	 0.00024731 
2.907060 	 0 	 0.00358282 	 0.00019985 
2.907390 	 0 	 0.00142732 	 0.00008263 
2.907880 	 0 	 0.00097167 	 0.00005245 
2.908500 	 0 	 0.00070415 	 0.00004117 
2.909040 	 0 	 0.00058664 	 0.00003299 
2.909490 	 0 	 0.00046659 	 0.00002713 
2.910010 	 0 	 0.00040555 	 0.00002358 
2.910270 	 0 	 0.00030443 	 0.00001882 
2.911500 	 0 	 0.00024902 	 0.00001562 
2.912470 	 0 	 0.00019305 	 0.00001399 
2.913410 	 0 	 0.00019492 	 0.00001312 
2.913930 	 0 	 0.00022634 	 0.00001444 
2.914450 	 0 	 0.00027953 	 0.00001965 
2.915040 	 0 	 0.00096579 	 0.00005369 
2.915370 	 0 	 0.00376301 	 0.00019609 
2.915490 	 0 	 0.00429686 	 0.00022033 
2.915660 	 0 	 0.00359260 	 0.00019093 
2.915850 	 0 	 0.00243839 	 0.00013012 
2.916040 	 0 	 0.00132835 	 0.00007437 
2.916480 	 0 	 0.00062260 	 0.00003508 
2.916930 	 0 	 0.00042053 	 0.00002433 
2.917450 	 0 	 0.00026822 	 0.00001486 
2.917930 	 0 	 0.00021597 	 0.00001403 
2.918400 	 0 	 0.00020553 	 0.00001180 
2.918920 	 0 	 0.00017170 	 0.00001169 
2.919460 	 0 	 0.00014695 	 0.00000864 
2.919910 	 0 	 0.00011848 	 0.00000791 
2.920430 	 0 	 0.00010217 	 0.00000709 
2.920840 	 0 	 0.00011531 	 0.00001257 
2.921430 	 0 	 0.00010411 	 0.00000702 
2.921900 	 0 	 0.00012634 	 0.00000858 
2.922470 	 0 	 0.00012039 	 0.00000779 
2.922970 	 0 	 0.00009705 	 0.00000812 
2.923460 	 0 	 0.00012748 	 0.00000904 
2.925830 	 0 	 0.00010816 	 0.00000774 
2.929790 	 0 	 0.00012320 	 0.00001084 
2.939660 	 0 	 0.00016867 	 0.00001091 
2.950060 	 0 	 0.00035405 	 0.00002002 
2.959700 	 0 	 0.00030497 	 0.00001774 
2.969840 	 0 	 0.00025539 	 0.00001477 
2.970740 	 0 	 0.00030489 	 0.00002663 
2.979790 	 0 	 0.00027681 	 0.00001721 
2.980230 	 0 	 0.00025928 	 0.00001995 
2.989670 	 0 	 0.00035657 	 0.00002052 
2.990920 	 0 	 0.00044817 	 0.00003252 
2.994940 	 0 	 0.00050640 	 0.00003549 
2.998850 	 0 	 0.00058534 	 0.00003713 
2.998900 	 0 	 0.00071496 	 0.00004667 
2.999910 	 0 	 0.00079760 	 0.00005188 
2.999930 	 0 	 0.00069189 	 0.00004263 
3.001390 	 0 	 0.00086265 	 0.00004798 
3.002520 	 0 	 0.00113899 	 0.00006694 
3.003360 	 0 	 0.00102208 	 0.00006062 
3.004030 	 0 	 0.00099627 	 0.00005392 
3.004340 	 0 	 0.00119979 	 0.00007279 
3.005500 	 0 	 0.00124779 	 0.00006654 
3.006380 	 0 	 0.00150857 	 0.00008085 
3.007540 	 0 	 0.00148772 	 0.00007866 
3.008070 	 0 	 0.00159461 	 0.00008452 
3.008430 	 0 	 0.00142043 	 0.00007476 
3.009550 	 0 	 0.00203775 	 0.00010707 
3.010010 	 0 	 0.00209450 	 0.00010870 
3.010470 	 0 	 0.00265505 	 0.00013675 
3.011280 	 0 	 0.00251089 	 0.00013306 
3.011740 	 0 	 0.00275406 	 0.00014345 
3.012050 	 0 	 0.00293857 	 0.00015323 
3.012290 	 0 	 0.00353190 	 0.00018148 
3.012490 	 0 	 0.00313898 	 0.00016455 
3.012680 	 0 	 0.00360589 	 0.00018531 
3.012990 	 0 	 0.00329676 	 0.00017066 
3.013520 	 0 	 0.00337710 	 0.00017442 
3.013880 	 0 	 0.00230363 	 0.00012553 
3.014360 	 0 	 0.00288498 	 0.00015072 
3.014410 	 0 	 0.00223796 	 0.00011957 
3.015010 	 0 	 0.00251830 	 0.00013316 
3.015510 	 0 	 0.00209974 	 0.00010946 
3.016070 	 0 	 0.00181573 	 0.00009572 
3.016500 	 0 	 0.00155839 	 0.00008495 
3.017030 	 0 	 0.00145849 	 0.00007655 
3.017530 	 0 	 0.00129480 	 0.00006857 
3.018090 	 0 	 0.00114679 	 0.00006085 
3.018520 	 0 	 0.00113965 	 0.00006568 
3.018570 	 0 	 0.00108141 	 0.00005991 
3.018980 	 0 	 0.00099368 	 0.00005635 
3.020040 	 0 	 0.00087676 	 0.00005125 
3.022180 	 0 	 0.00072330 	 0.00004360 
3.022470 	 0 	 0.00068676 	 0.00003919 
3.025860 	 0 	 0.00062523 	 0.00003780 
3.026340 	 0 	 0.00050287 	 0.00003105 
3.029910 	 0 	 0.00063484 	 0.00003845 
3.030340 	 0 	 0.00054663 	 0.00003254 
3.032030 	 0 	 0.00062303 	 0.00003671 
3.032440 	 0 	 0.00071632 	 0.00004173 
3.033000 	 0 	 0.00067494 	 0.00004263 
3.033500 	 0 	 0.00070463 	 0.00004632 
3.033600 	 0 	 0.00078556 	 0.00004554 
3.033670 	 0 	 0.00193909 	 0.00010153 
3.033990 	 0 	 0.00102159 	 0.00005603 
3.034010 	 0 	 0.00555621 	 0.00028305 
3.034230 	 0 	 0.00296058 	 0.00015097 
3.034320 	 0 	 0.00148256 	 0.00007748 
3.034440 	 0 	 0.00376297 	 0.00019238 
3.034520 	 0 	 0.00227366 	 0.00011906 
3.034830 	 0 	 0.00396381 	 0.00020662 
3.034880 	 0 	 0.00290778 	 0.00014910 
3.035050 	 0 	 0.00548669 	 0.00028282 
3.035940 	 0 	 0.00200112 	 0.00010661 
3.036980 	 0 	 0.00098953 	 0.00005928 
3.037990 	 0 	 0.00090191 	 0.00005512 
3.038790 	 0 	 0.00095073 	 0.00005166 
3.038980 	 0 	 0.00082042 	 0.00004889 
3.040020 	 0 	 0.00090475 	 0.00005060 
3.042020 	 0 	 0.00080848 	 0.00004698 
3.042960 	 0 	 0.00086421 	 0.00004804 
3.045910 	 0 	 0.00082676 	 0.00004925 
3.046950 	 0 	 0.00069093 	 0.00004011 
3.048910 	 0 	 0.00060769 	 0.00003473 
3.050000 	 0 	 0.00063505 	 0.00003936 
3.052900 	 0 	 0.00052185 	 0.00003204 
3.054010 	 0 	 0.00055802 	 0.00003583 
3.056940 	 0 	 0.00052837 	 0.00003306 
3.058010 	 0 	 0.00052818 	 0.00003474 
3.059970 	 0 	 0.00058954 	 0.00004217 
3.060480 	 0 	 0.00062644 	 0.00004314 
3.060940 	 0 	 0.00068618 	 0.00003858 
3.060960 	 0 	 0.00063963 	 0.00004324 
3.061300 	 0 	 0.00066827 	 0.00004710 
3.061470 	 0 	 0.00071447 	 0.00004609 
3.061780 	 0 	 0.00061802 	 0.00004314 
3.062000 	 0 	 0.00069211 	 0.00004372 
3.062270 	 0 	 0.00072115 	 0.00004604 
3.062580 	 0 	 0.00074940 	 0.00004496 
3.062800 	 0 	 0.00074179 	 0.00004559 
3.062920 	 0 	 0.00078402 	 0.00004375 
3.063120 	 0 	 0.00074841 	 0.00004814 
3.063240 	 0 	 0.00063887 	 0.00004200 
3.063530 	 0 	 0.00080354 	 0.00004399 
3.063750 	 0 	 0.00076805 	 0.00004199 
3.063890 	 0 	 0.00047225 	 0.00003421 
3.064040 	 0 	 0.00080686 	 0.00004365 
3.064180 	 0 	 0.00077430 	 0.00004387 
3.064450 	 0 	 0.00079512 	 0.00004452 
3.064550 	 0 	 0.00067636 	 0.00004203 
3.064810 	 0 	 0.00076418 	 0.00004202 
3.064860 	 0 	 0.00076372 	 0.00004872 
3.064980 	 0 	 0.00074104 	 0.00004150 
3.065320 	 0 	 0.00069946 	 0.00003950 
3.065470 	 0 	 0.00069272 	 0.00003908 
3.065830 	 0 	 0.00063500 	 0.00003688 
3.066030 	 0 	 0.00060697 	 0.00003393 
3.066200 	 0 	 0.00068231 	 0.00003966 
3.066580 	 0 	 0.00061063 	 0.00003402 
3.067070 	 0 	 0.00057017 	 0.00003322 
3.067580 	 0 	 0.00053474 	 0.00003233 
3.067870 	 0 	 0.00057555 	 0.00003450 
3.069130 	 0 	 0.00054374 	 0.00003219 
3.069980 	 0 	 0.00076218 	 0.00004192 
3.070420 	 0 	 0.00101423 	 0.00005626 
3.070950 	 0 	 0.00081864 	 0.00004402 
3.070970 	 0 	 0.00094708 	 0.00005268 
3.071920 	 0 	 0.00311246 	 0.00017000 
3.072040 	 0 	 0.00616042 	 0.00031714 
3.072090 	 0 	 0.00163743 	 0.00008583 
3.072410 	 0 	 0.00980450 	 0.00050712 
3.072450 	 0 	 0.00245775 	 0.00012576 
3.072600 	 0 	 0.00528438 	 0.00027665 
3.072790 	 0 	 0.00362286 	 0.00018474 
3.072920 	 0 	 0.00904419 	 0.00045826 
3.073090 	 0 	 0.00753366 	 0.00038326 
3.073090 	 0 	 0.00653029 	 0.00033041 
3.073280 	 0 	 0.01015357 	 0.00051103 
3.073400 	 0 	 0.00619402 	 0.00031677 
3.073620 	 0 	 0.00955793 	 0.00048124 
3.073740 	 0 	 0.00515121 	 0.00026408 
3.073840 	 0 	 0.00879626 	 0.00044395 
3.073980 	 0 	 0.00344350 	 0.00017592 
3.074010 	 0 	 0.00651934 	 0.00032985 
3.074300 	 0 	 0.00430884 	 0.00022049 
3.074520 	 0 	 0.00346725 	 0.00017762 
3.074520 	 0 	 0.00200094 	 0.00010715 
3.074910 	 0 	 0.00160061 	 0.00008643 
3.075050 	 0 	 0.00198308 	 0.00010391 
3.075370 	 0 	 0.00164488 	 0.00008856 
3.075900 	 0 	 0.00108732 	 0.00006005 
3.075930 	 0 	 0.00132549 	 0.00007109 
3.076440 	 0 	 0.00112224 	 0.00006101 
3.076970 	 0 	 0.00094336 	 0.00005459 
3.077840 	 0 	 0.00079386 	 0.00004551 
3.078010 	 0 	 0.00091977 	 0.00004972 
3.080010 	 0 	 0.00077470 	 0.00004774 
3.081900 	 0 	 0.00067879 	 0.00004267 
3.082050 	 0 	 0.00077133 	 0.00004433 
3.082900 	 0 	 0.00067128 	 0.00003895 
3.083560 	 0 	 0.00079784 	 0.00004533 
3.085060 	 0 	 0.00074172 	 0.00004438 
3.085790 	 0 	 0.00071416 	 0.00004175 
3.086040 	 0 	 0.00078531 	 0.00004572 
3.087980 	 0 	 0.00077256 	 0.00004326 
3.088980 	 0 	 0.00076030 	 0.00004286 
