2.117746 0.000000 0.000486 0.000043
2.118859 0.000000 0.000479 0.000053
2.119872 0.000000 0.000508 0.000049
2.120884 0.000000 0.000599 0.000042
2.121896 0.000000 0.001187 0.000048
2.122402 0.000000 0.002357 0.000063
2.122908 0.000000 0.004954 0.000098
2.123212 0.000000 0.004026 0.000091
2.124426 0.000000 0.001284 0.000067
2.125439 0.000000 0.001113 0.000055
2.126349 0.000000 0.001094 0.000064
2.130297 0.000000 0.000708 0.000059
2.135458 0.000000 0.000432 0.000105
2.137381 0.000000 0.000336 0.000127
2.159742 0.000000 0.000171 0.000017
2.164497 0.000000 0.000688 0.000033
2.168948 0.000000 0.000586 0.000029
2.173499 0.000000 0.000332 0.000122
2.174106 0.000000 0.000276 0.000026
2.174511 0.000000 0.004230 0.000110
2.174916 0.000000 0.004585 0.000062
2.175017 0.000000 0.011154 0.000146
2.175421 0.000000 0.003704 0.000119
2.176028 0.000000 0.001792 0.000043
2.176433 0.000000 0.000722 0.000038
2.176938 0.000000 0.000872 0.000045
2.178051 0.000000 0.000283 0.000040
2.179164 0.000000 0.000153 0.000019
2.185131 0.000000 0.000191 0.000039
2.189782 0.000000 0.000097 0.000020
2.194940 0.000000 0.000478 0.000032
2.197670 0.000000 0.001123 0.000042
2.198277 0.000000 0.000534 0.000038
2.198378 0.000000 0.001577 0.000079
2.198681 0.000000 0.000720 0.000042
2.198782 0.000000 0.000799 0.000077
2.199288 0.000000 0.003520 0.000129
2.199389 0.000000 0.000501 0.000056
2.199692 0.000000 0.001609 0.000083
2.199793 0.000000 0.000474 0.000030
2.200097 0.000000 0.000778 0.000033
2.200299 0.000000 0.000460 0.000064
2.202119 0.000000 0.000278 0.000031
2.204343 0.000000 0.000212 0.000063
2.205253 0.000000 0.000280 0.000099
2.205759 0.000000 0.000167 0.000021
2.210106 0.000000 0.000178 0.000027
2.210308 0.000000 0.000167 0.000042
2.214251 0.000000 0.000206 0.000031
2.220417 0.000000 0.000274 0.000087
2.225168 0.000000 0.000221 0.000028
2.230019 0.000000 0.000165 0.000021
2.245380 0.000000 0.000272 0.000082
2.250332 0.000000 0.000275 0.000100
2.255282 0.000000 0.000246 0.000057
2.260536 0.000000 0.000177 0.000025
2.265183 0.000000 0.000274 0.000099
2.270133 0.000000 0.000175 0.000027
2.275790 0.000000 0.000183 0.000036
2.280537 0.000000 0.000210 0.000057
2.291242 0.000000 0.000171 0.000034
2.292959 0.000000 0.000243 0.000032
2.296998 0.000000 0.000243 0.000043
2.299118 0.000000 0.000202 0.000036
2.301138 0.000000 0.000539 0.000040
2.303359 0.000000 0.000228 0.000033
2.304874 0.000000 0.000212 0.000035
2.307297 0.000000 0.000261 0.000042
2.309114 0.000000 0.000303 0.000047
2.311234 0.000000 0.000320 0.000059
2.315373 0.000000 0.000240 0.000080
2.319512 0.000000 0.000299 0.000065
2.321228 0.000000 0.000205 0.000038
2.322440 0.000000 0.000253 0.000030
2.323348 0.000000 0.000236 0.000027
2.324459 0.000000 0.000271 0.000031
2.325670 0.000000 0.000429 0.000027
2.326074 0.000000 0.000510 0.000044
2.326679 0.000000 0.000677 0.000044
2.327083 0.000000 0.000935 0.000040
2.327386 0.000000 0.001205 0.000062
2.327588 0.000000 0.001213 0.000066
2.328193 0.000000 0.001384 0.000053
2.328597 0.000000 0.001091 0.000062
2.329102 0.000000 0.000829 0.000056
2.329606 0.000000 0.000680 0.000048
2.330212 0.000000 0.000516 0.000039
2.330616 0.000000 0.000445 0.000033
2.331423 0.000000 0.000333 0.000055
2.331524 0.000000 0.000346 0.000029
2.335561 0.000000 0.000229 0.000080
2.335662 0.000000 0.000256 0.000028
2.339093 0.000000 0.000310 0.000048
2.343433 0.000000 0.000342 0.000088
2.343534 0.000000 0.000218 0.000019
2.345249 0.000000 0.000243 0.000048
2.346965 0.000000 0.000248 0.000038
2.348478 0.000000 0.000298 0.000037
2.349790 0.000000 0.000372 0.000063
2.349891 0.000000 0.000304 0.000043
2.351303 0.000000 0.000278 0.000037
2.351505 0.000000 0.000294 0.000070
2.352312 0.000000 0.000314 0.000040
2.353019 0.000000 0.000316 0.000033
2.353725 0.000000 0.000246 0.000110
2.353826 0.000000 0.000400 0.000036
2.354633 0.000000 0.000395 0.000041
2.355440 0.000000 0.000407 0.000038
2.355743 0.000000 0.000412 0.000073
2.355945 0.000000 0.000476 0.000039
2.356550 0.000000 0.000515 0.000041
2.357055 0.000000 0.000638 0.000042
2.357559 0.000000 0.000668 0.000039
2.357862 0.000000 0.000614 0.000075
2.358265 0.000000 0.000893 0.000043
2.358770 0.000000 0.000947 0.000044
2.359274 0.000000 0.001020 0.000050
2.359577 0.000000 0.000923 0.000038
2.360182 0.000000 0.001045 0.000041
2.360687 0.000000 0.001005 0.000049
2.361090 0.000000 0.000922 0.000048
2.361797 0.000000 0.000847 0.000034
2.362402 0.000000 0.000920 0.000035
2.362906 0.000000 0.000911 0.000034
2.363108 0.000000 0.000814 0.000063
2.363411 0.000000 0.000899 0.000034
2.363915 0.000000 0.000919 0.000032
2.364420 0.000000 0.000970 0.000031
2.364823 0.000000 0.000967 0.000035
2.365327 0.000000 0.001024 0.000034
2.365731 0.000000 0.000995 0.000048
2.365933 0.000000 0.001110 0.000040
2.366336 0.000000 0.001210 0.000038
2.366841 0.000000 0.001310 0.000041
2.367345 0.000000 0.001393 0.000041
2.367950 0.000000 0.001525 0.000043
2.368455 0.000000 0.001686 0.000046
2.368858 0.000000 0.001744 0.000045
2.369363 0.000000 0.001876 0.000047
2.369867 0.000000 0.001984 0.000046
2.370472 0.000000 0.002121 0.000054
2.371279 0.000000 0.002089 0.000048
2.371582 0.000000 0.002102 0.000049
2.371885 0.000000 0.002026 0.000050
2.372591 0.000000 0.001965 0.000054
2.372893 0.000000 0.001853 0.000048
2.373499 0.000000 0.001713 0.000047
2.374003 0.000000 0.001655 0.000046
2.374306 0.000000 0.001623 0.000058
2.374507 0.000000 0.001514 0.000043
2.375012 0.000000 0.001395 0.000050
2.376121 0.000000 0.001059 0.000039
2.377029 0.000000 0.000868 0.000034
2.377937 0.000000 0.000769 0.000031
2.379046 0.000000 0.000635 0.000034
2.379954 0.000000 0.000577 0.000030
2.381971 0.000000 0.000457 0.000034
2.383988 0.000000 0.000374 0.000032
2.386106 0.000000 0.000346 0.000032
2.388123 0.000000 0.000725 0.000036
2.390040 0.000000 0.000372 0.000032
2.391956 0.000000 0.000340 0.000032
2.392258 0.000000 0.000388 0.000037
2.393973 0.000000 0.000328 0.000029
2.396090 0.000000 0.000404 0.000037
2.396998 0.000000 0.000459 0.000041
2.398208 0.000000 0.000403 0.000035
2.400225 0.000000 0.000493 0.000032
2.402040 0.000000 0.000388 0.000039
2.402342 0.000000 0.000444 0.000027
2.403955 0.000000 0.000344 0.000022
2.405770 0.000000 0.000260 0.000023
2.407988 0.000000 0.000272 0.000023
2.410106 0.000000 0.000293 0.000023
2.412223 0.000000 0.000240 0.000017
2.414038 0.000000 0.000217 0.000017
2.416860 0.000000 0.000230 0.000016
2.417264 0.000000 0.000231 0.000028
2.421901 0.000000 0.000307 0.000028
2.422102 0.000000 0.000270 0.000020
2.426034 0.000000 0.000384 0.000033
2.426235 0.000000 0.000393 0.000021
2.428957 0.000000 0.000597 0.000023
2.430368 0.000000 0.000640 0.000039
2.431073 0.000000 0.000816 0.000033
2.432384 0.000000 0.001028 0.000033
2.433392 0.000000 0.001072 0.000051
2.434399 0.000000 0.001410 0.000027
2.435206 0.000000 0.001557 0.000055
2.436314 0.000000 0.002778 0.000050
2.437423 0.000000 0.002992 0.000067
2.437725 0.000000 0.004054 0.000066
2.438532 0.000000 0.004093 0.000080
2.439539 0.000000 0.005388 0.000074
2.440043 0.000000 0.005949 0.000074
2.440547 0.000000 0.006541 0.000057
2.441353 0.000000 0.006664 0.000076
2.441454 0.000000 0.006754 0.000081
2.441756 0.000000 0.006619 0.000078
2.442160 0.000000 0.006321 0.000075
2.442361 0.000000 0.005720 0.000055
2.442663 0.000000 0.005953 0.000075
2.443470 0.000000 0.004637 0.000044
2.444377 0.000000 0.003631 0.000060
2.444578 0.000000 0.003800 0.000063
2.445485 0.000000 0.003008 0.000057
2.446392 0.000000 0.002165 0.000045
2.446594 0.000000 0.002281 0.000049
2.448407 0.000000 0.001543 0.000046
2.450322 0.000000 0.001066 0.000043
2.450524 0.000000 0.001095 0.000044
2.452539 0.000000 0.000810 0.000039
2.454453 0.000000 0.000636 0.000028
2.454856 0.000000 0.000580 0.000042
2.456569 0.000000 0.000510 0.000040
2.458584 0.000000 0.000473 0.000025
2.460801 0.000000 0.000474 0.000030
2.462514 0.000000 0.000425 0.000024
2.464629 0.000000 0.000461 0.000023
2.466543 0.000000 0.000595 0.000033
2.467551 0.000000 0.000562 0.000039
2.468558 0.000000 0.000727 0.000038
2.468659 0.000000 0.000837 0.000032
2.469062 0.000000 0.000855 0.000051
2.469666 0.000000 0.001006 0.000052
2.470170 0.000000 0.004688 0.000082
2.470573 0.000000 0.002665 0.000051
2.470774 0.000000 0.003607 0.000079
2.471177 0.000000 0.002202 0.000065
2.471681 0.000000 0.002125 0.000065
2.472185 0.000000 0.002424 0.000070
2.472588 0.000000 0.003309 0.000049
2.473394 0.000000 0.003987 0.000077
2.473796 0.000000 0.004415 0.000089
2.474099 0.000000 0.004731 0.000088
2.474602 0.000000 0.004595 0.000083
2.474703 0.000000 0.003959 0.000068
2.475207 0.000000 0.003847 0.000066
2.476617 0.000000 0.001707 0.000028
2.477624 0.000000 0.001396 0.000060
2.478732 0.000000 0.000940 0.000045
2.479639 0.000000 0.000830 0.000045
2.480646 0.000000 0.000962 0.000024
2.481754 0.000000 0.001022 0.000056
2.482660 0.000000 0.000912 0.000056
2.482761 0.000000 0.000867 0.000028
2.483768 0.000000 0.000946 0.000025
2.483869 0.000000 0.000761 0.000052
2.484373 0.000000 0.000883 0.000055
2.484876 0.000000 0.001559 0.000027
2.485279 0.000000 0.002795 0.000043
2.485380 0.000000 0.001738 0.000064
2.485783 0.000000 0.005784 0.000082
2.485883 0.000000 0.003043 0.000077
2.486286 0.000000 0.006816 0.000111
2.486387 0.000000 0.024874 0.000205
2.486790 0.000000 0.030248 0.000154
2.487394 0.000000 0.030908 0.000165
2.487898 0.000000 0.014620 0.000097
2.488401 0.000000 0.005914 0.000058
2.488603 0.000000 0.007316 0.000113
2.488905 0.000000 0.003811 0.000052
2.489308 0.000000 0.002673 0.000036
2.489710 0.000000 0.002269 0.000027
2.490415 0.000000 0.001466 0.000026
2.490818 0.000000 0.001241 0.000025
2.490919 0.000000 0.001500 0.000054
2.491825 0.000000 0.000930 0.000052
2.491926 0.000000 0.000862 0.000025
2.492732 0.000000 0.000735 0.000045
2.492832 0.000000 0.000609 0.000019
2.493840 0.000000 0.000466 0.000019
2.494041 0.000000 0.000440 0.000037
2.494746 0.000000 0.000398 0.000017
2.495753 0.000000 0.000357 0.000020
2.495954 0.000000 0.000375 0.000037
2.496861 0.000000 0.000329 0.000036
2.497767 0.000000 0.000324 0.000028
2.497868 0.000000 0.000277 0.000017
2.499076 0.000000 0.000291 0.000030
2.499781 0.000000 0.000280 0.000032
2.499882 0.000000 0.000242 0.000017
2.500888 0.000000 0.000274 0.000033
2.501895 0.000000 0.000259 0.000028
2.502298 0.000000 0.000253 0.000015
2.503003 0.000000 0.000310 0.000040
2.503909 0.000000 0.000263 0.000041
2.504916 0.000000 0.000252 0.000031
2.505923 0.000000 0.000284 0.000027
2.506729 0.000000 0.000325 0.000030
2.507937 0.000000 0.000303 0.000069
2.509044 0.000000 0.000302 0.000041
2.509749 0.000000 0.000232 0.000038
2.510957 0.000000 0.000311 0.000037
2.512065 0.000000 0.000268 0.000031
2.513374 0.000000 0.000291 0.000054
2.513776 0.000000 0.000308 0.000035
2.516092 0.000000 0.006202 0.000110
2.518105 0.000000 0.000465 0.000050
2.519515 0.000000 0.000304 0.000036
2.521729 0.000000 0.000390 0.000040
2.523944 0.000000 0.000364 0.000033
2.526058 0.000000 0.000356 0.000043
2.528172 0.000000 0.000368 0.000040
2.530185 0.000000 0.000375 0.000038
2.532097 0.000000 0.000326 0.000033
2.534110 0.000000 0.000320 0.000050
2.536224 0.000000 0.000343 0.000039
2.538237 0.000000 0.000455 0.000040
2.540048 0.000000 0.000410 0.000037
2.542564 0.000000 0.000447 0.000041
2.544074 0.000000 0.000438 0.000045
2.546086 0.000000 0.000466 0.000048
2.548099 0.000000 0.000525 0.000043
2.550313 0.000000 0.000632 0.000043
2.552325 0.000000 0.000589 0.000041
2.554237 0.000000 0.000868 0.000049
2.556250 0.000000 0.001024 0.000042
2.558363 0.000000 0.001095 0.000059
2.560274 0.000000 0.001302 0.000060
2.562387 0.000000 0.001743 0.000067
2.564299 0.000000 0.002259 0.000061
2.566411 0.000000 0.003360 0.000095
2.568323 0.000000 0.005449 0.000090
2.570335 0.000000 0.008516 0.000101
2.572447 0.000000 0.010552 0.000107
2.574359 0.000000 0.008660 0.000107
2.576471 0.000000 0.006255 0.000088
2.578382 0.000000 0.004882 0.000075
2.580293 0.000000 0.004140 0.000076
2.582406 0.000000 0.003726 0.000070
2.584317 0.000000 0.003366 0.000072
2.586529 0.000000 0.003105 0.000067
2.588541 0.000000 0.002983 0.000070
2.590351 0.000000 0.002724 0.000066
2.592564 0.000000 0.002524 0.000064
2.594374 0.000000 0.002354 0.000063
2.596586 0.000000 0.002312 0.000066
2.598597 0.000000 0.002194 0.000061
2.600408 0.000000 0.002067 0.000056
2.601413 0.000000 0.002081 0.000064
2.602720 0.000000 0.002406 0.000064
2.603625 0.000000 0.004256 0.000077
2.605737 0.000000 0.004152 0.000078
2.607346 0.000000 0.002016 0.000058
2.609457 0.000000 0.001480 0.000053
2.611669 0.000000 0.001179 0.000053
2.613579 0.000000 0.001416 0.000053
2.618204 0.000000 0.000943 0.000048
2.623733 0.000000 0.000847 0.000047
2.628156 0.000000 0.000800 0.000047
2.633182 0.000000 0.000821 0.000053
2.638810 0.000000 0.000831 0.000049
2.643433 0.000000 0.000899 0.000048
2.648759 0.000000 0.001002 0.000051
2.653281 0.000000 0.001245 0.000054
2.655793 0.000000 0.001516 0.000053
2.657803 0.000000 0.001707 0.000060
2.659611 0.000000 0.002042 0.000063
2.661520 0.000000 0.002384 0.000054
2.663731 0.000000 0.003150 0.000063
2.665640 0.000000 0.003770 0.000068
2.667850 0.000000 0.004752 0.000094
2.670160 0.000000 0.005504 0.000089
2.671969 0.000000 0.005566 0.000086
2.674179 0.000000 0.005028 0.000067
2.675585 0.000000 0.004668 0.000065
2.677795 0.000000 0.004245 0.000064
2.679703 0.000000 0.003144 0.000064
2.681913 0.000000 0.002477 0.000065
2.688743 0.000000 0.001672 0.000047
2.693664 0.000000 0.001493 0.000048
2.698786 0.000000 0.001597 0.000044
2.701999 0.000000 0.001495 0.000059
2.704007 0.000000 0.001824 0.000049
2.707020 0.000000 0.002068 0.000067
2.708024 0.000000 0.002479 0.000060
2.709128 0.000000 0.002645 0.000077
2.710032 0.000000 0.003286 0.000087
2.710634 0.000000 0.004072 0.000099
2.711136 0.000000 0.005204 0.000116
2.711538 0.000000 0.007156 0.000094
2.711739 0.000000 0.007534 0.000128
2.712040 0.000000 0.010016 0.000146
2.712542 0.000000 0.018231 0.000130
2.712642 0.000000 0.023618 0.000232
2.712843 0.000000 0.027913 0.000239
2.713044 0.000000 0.030468 0.000158
2.713446 0.000000 0.032322 0.000285
2.713646 0.000000 0.029627 0.000290
2.713747 0.000000 0.028847 0.000324
2.714048 0.000000 0.023459 0.000166
2.714148 0.000000 0.020543 0.000252
2.714650 0.000000 0.015199 0.000176
2.715152 0.000000 0.011234 0.000181
2.715554 0.000000 0.009179 0.000156
2.716056 0.000000 0.008529 0.000112
2.716558 0.000000 0.006756 0.000171
2.717160 0.000000 0.006092 0.000126
2.717662 0.000000 0.005770 0.000134
2.718064 0.000000 0.005764 0.000084
2.718666 0.000000 0.005337 0.000119
2.718967 0.000000 0.005484 0.000116
2.719771 0.000000 0.005165 0.000138
2.720172 0.000000 0.005475 0.000111
2.720273 0.000000 0.005324 0.000137
2.720674 0.000000 0.005020 0.000170
2.721176 0.000000 0.005387 0.000166
2.721578 0.000000 0.005586 0.000153
2.722080 0.000000 0.005690 0.000083
2.722682 0.000000 0.005411 0.000169
2.723184 0.000000 0.005941 0.000112
2.723686 0.000000 0.005630 0.000185
2.723887 0.000000 0.006203 0.000125
2.724087 0.000000 0.005874 0.000196
2.724288 0.000000 0.006403 0.000148
2.724489 0.000000 0.006472 0.000139
2.725192 0.000000 0.007726 0.000160
2.726195 0.000000 0.011468 0.000113
2.727199 0.000000 0.008024 0.000149
2.728002 0.000000 0.007409 0.000112
2.728203 0.000000 0.006934 0.000138
2.729207 0.000000 0.006754 0.000103
2.730211 0.000000 0.006367 0.000144
2.731114 0.000000 0.006196 0.000122
2.731917 0.000000 0.006492 0.000121
2.732218 0.000000 0.006183 0.000151
2.733222 0.000000 0.006258 0.000162
2.734326 0.000000 0.006389 0.000141
2.735229 0.000000 0.006786 0.000111
2.735731 0.000000 0.006971 0.000145
2.736032 0.000000 0.007450 0.000130
2.736132 0.000000 0.007349 0.000160
2.736233 0.000000 0.007631 0.000159
2.736735 0.000000 0.008161 0.000187
2.737136 0.000000 0.009036 0.000180
2.737738 0.000000 0.010701 0.000220
2.738140 0.000000 0.012304 0.000183
2.738341 0.000000 0.013593 0.000204
2.738441 0.000000 0.014416 0.000207
2.738642 0.000000 0.015465 0.000254
2.738943 0.000000 0.021879 0.000238
2.739043 0.000000 0.021539 0.000173
2.739143 0.000000 0.021228 0.000267
2.739244 0.000000 0.018565 0.000286
2.739545 0.000000 0.023828 0.000283
2.739645 0.000000 0.034347 0.000351
2.739746 0.000000 0.027767 0.000298
2.740047 0.000000 0.035508 0.000368
2.740147 0.000000 0.055090 0.000433
2.740247 0.000000 0.045034 0.000329
2.740448 0.000000 0.057170 0.000475
2.740649 0.000000 0.082315 0.000593
2.740749 0.000000 0.073242 0.000602
2.740950 0.000000 0.084332 0.000173
2.741251 0.000000 0.089350 0.000175
2.741653 0.000000 0.068382 0.000175
2.742255 0.000000 0.036466 0.000162
2.742556 0.000000 0.027525 0.000145
2.742656 0.000000 0.031209 0.000234
2.743158 0.000000 0.018732 0.000095
2.743359 0.000000 0.014537 0.000113
2.743559 0.000000 0.024002 0.000106
2.743760 0.000000 0.012336 0.000090
2.744061 0.000000 0.012168 0.000123
2.744262 0.000000 0.011531 0.000095
2.744563 0.000000 0.009488 0.000139
2.744964 0.000000 0.008078 0.000098
2.745065 0.000000 0.007764 0.000136
2.745466 0.000000 0.006915 0.000088
2.745667 0.000000 0.006682 0.000091
2.745968 0.000000 0.006456 0.000083
2.746169 0.000000 0.005908 0.000102
2.746269 0.000000 0.006367 0.000076
2.746570 0.000000 0.005402 0.000093
2.746771 0.000000 0.005622 0.000049
2.747072 0.000000 0.004879 0.000079
2.747172 0.000000 0.005213 0.000068
2.747473 0.000000 0.004577 0.000056
2.748075 0.000000 0.004577 0.000064
2.749581 0.000000 0.003752 0.000093
2.749882 0.000000 0.003790 0.000087
2.750183 0.000000 0.003812 0.000069
2.750283 0.000000 0.003862 0.000065
2.752089 0.000000 0.003771 0.000062
2.752290 0.000000 0.003527 0.000098
2.754197 0.000000 0.003678 0.000051
2.755802 0.000000 0.003639 0.000093
2.756304 0.000000 0.003877 0.000073
2.758210 0.000000 0.003976 0.000059
2.760016 0.000000 0.003895 0.000106
2.762123 0.000000 0.004199 0.000061
2.762224 0.000000 0.003917 0.000093
2.762826 0.000000 0.003837 0.000093
2.763227 0.000000 0.003921 0.000105
2.763628 0.000000 0.003891 0.000069
2.764732 0.000000 0.003734 0.000087
2.765233 0.000000 0.003649 0.000102
2.765735 0.000000 0.003632 0.000079
2.766136 0.000000 0.003857 0.000061
2.766237 0.000000 0.003605 0.000095
2.767240 0.000000 0.003167 0.000108
2.768143 0.000000 0.003460 0.000064
2.768344 0.000000 0.003045 0.000096
2.770149 0.000000 0.002851 0.000083
2.770250 0.000000 0.003165 0.000063
2.772055 0.000000 0.002776 0.000059
2.773961 0.000000 0.002286 0.000047
2.774262 0.000000 0.002385 0.000060
2.776269 0.000000 0.002182 0.000057
2.778877 0.000000 0.001473 0.000084
2.780281 0.000000 0.001688 0.000060
2.784093 0.000000 0.001348 0.000061
2.788205 0.000000 0.001197 0.000053
2.792217 0.000000 0.001086 0.000063
2.794523 0.000000 0.000828 0.000058
2.796228 0.000000 0.000934 0.000058
2.800340 0.000000 0.000876 0.000065
2.803649 0.000000 0.001277 0.000056
2.804150 0.000000 0.001119 0.000085
2.806356 0.000000 0.002068 0.000052
2.807058 0.000000 0.003408 0.000059
2.807960 0.000000 0.005410 0.000117
2.808061 0.000000 0.003359 0.000112
2.808963 0.000000 0.007585 0.000096
2.809264 0.000000 0.011862 0.000169
2.809565 0.000000 0.014796 0.000189
2.809765 0.000000 0.016675 0.000199
2.810267 0.000000 0.022120 0.000115
2.810567 0.000000 0.022868 0.000222
2.810668 0.000000 0.022946 0.000227
2.810968 0.000000 0.021918 0.000227
2.811570 0.000000 0.016150 0.000201
2.812071 0.000000 0.011889 0.000164
2.812172 0.000000 0.008274 0.000103
2.812472 0.000000 0.008708 0.000154
2.812974 0.000000 0.006729 0.000138
2.813475 0.000000 0.005332 0.000129
2.813876 0.000000 0.004627 0.000062
2.816082 0.000000 0.002259 0.000064
2.818388 0.000000 0.001295 0.000058
2.820393 0.000000 0.000989 0.000057
2.822498 0.000000 0.000909 0.000054
2.824102 0.000000 0.000797 0.000057
2.826307 0.000000 0.000713 0.000058
2.828713 0.000000 0.000695 0.000046
2.830918 0.000000 0.000509 0.000050
2.833925 0.000000 0.000606 0.000053
2.836531 0.000000 0.000608 0.000042
2.839137 0.000000 0.000518 0.000059
2.841843 0.000000 0.000610 0.000073
2.844148 0.000000 0.002069 0.000067
2.844449 0.000000 0.001166 0.000062
2.844950 0.000000 0.002258 0.000076
2.845251 0.000000 0.005729 0.000134
2.845551 0.000000 0.011530 0.000176
2.845852 0.000000 0.011249 0.000185
2.846153 0.000000 0.008729 0.000173
2.846353 0.000000 0.005879 0.000149
2.846453 0.000000 0.002428 0.000066
2.847956 0.000000 0.000809 0.000056
2.850963 0.000000 0.000777 0.000066
2.856073 0.000000 0.000609 0.000053
2.858278 0.000000 0.000620 0.000062
2.860281 0.000000 0.000690 0.000046
2.862586 0.000000 0.000718 0.000056
2.863087 0.000000 0.000601 0.000070
2.863588 0.000000 0.000763 0.000056
2.863989 0.000000 0.000713 0.000102
2.864089 0.000000 0.000866 0.000058
2.866393 0.000000 0.001299 0.000031
2.870501 0.000000 0.001352 0.000106
2.872104 0.000000 0.001690 0.000087
2.873606 0.000000 0.002512 0.000107
2.874408 0.000000 0.006178 0.000113
2.874508 0.000000 0.004539 0.000127
2.875009 0.000000 0.004138 0.000144
2.875409 0.000000 0.009470 0.000279
2.875610 0.000000 0.007678 0.000127
2.875710 0.000000 0.005828 0.000152
2.876211 0.000000 0.007270 0.000157
2.876511 0.000000 0.009443 0.000152
2.876611 0.000000 0.008451 0.000191
2.876812 0.000000 0.009130 0.000187
2.877112 0.000000 0.009244 0.000207
2.877413 0.000000 0.008714 0.000241
2.877513 0.000000 0.007700 0.000380
2.877613 0.000000 0.009164 0.000173
2.877814 0.000000 0.008590 0.000201
2.878014 0.000000 0.008267 0.000196
2.878515 0.000000 0.005858 0.000134
2.878615 0.000000 0.006305 0.000202
2.878715 0.000000 0.005575 0.000215
2.879416 0.000000 0.004690 0.000310
2.879516 0.000000 0.005249 0.000192
2.880418 0.000000 0.003979 0.000087
2.880518 0.000000 0.004818 0.000244
2.880618 0.000000 0.004464 0.000065
2.881420 0.000000 0.004782 0.000310
2.881620 0.000000 0.003550 0.000092
2.882622 0.000000 0.006424 0.000103
2.883423 0.000000 0.004711 0.000209
2.883523 0.000000 0.006242 0.000095
2.884625 0.000000 0.004787 0.000097
2.885426 0.000000 0.002213 0.000123
2.885626 0.000000 0.003293 0.000226
2.889533 0.000000 0.001612 0.000113
2.893439 0.000000 0.001838 0.000078
2.897344 0.000000 0.001519 0.000110
2.901350 0.000000 0.001365 0.000163
2.905455 0.000000 0.001500 0.000193
2.909060 0.000000 0.004632 0.000111
2.909461 0.000000 0.007928 0.000154
2.910462 0.000000 0.040542 0.000593
2.910562 0.000000 0.063083 0.000337
2.911063 0.000000 0.034545 0.000548
2.911463 0.000000 0.064082 0.000577
2.911763 0.000000 0.039830 0.000622
2.912064 0.000000 0.016686 0.000276
2.912564 0.000000 0.010308 0.000136
2.913165 0.000000 0.007846 0.000151
2.913666 0.000000 0.005897 0.000093
2.914166 0.000000 0.004715 0.000086
2.914667 0.000000 0.003968 0.000081
2.914967 0.000000 0.003519 0.000077
2.916169 0.000000 0.002746 0.000066
2.917170 0.000000 0.002306 0.000069
2.918071 0.000000 0.002125 0.000060
2.918572 0.000000 0.002181 0.000059
2.919172 0.000000 0.003418 0.000091
2.919673 0.000000 0.008430 0.000138
2.920073 0.000000 0.030720 0.000323
2.920173 0.000000 0.033992 0.000283
2.920374 0.000000 0.028064 0.000365
2.920474 0.000000 0.019347 0.000260
2.920674 0.000000 0.011393 0.000185
2.921174 0.000000 0.005376 0.000098
2.921575 0.000000 0.004356 0.000080
2.922176 0.000000 0.002730 0.000043
2.922576 0.000000 0.002181 0.000059
2.923077 0.000000 0.001945 0.000039
2.923577 0.000000 0.001725 0.000038
2.924178 0.000000 0.001567 0.000034
2.924578 0.000000 0.001460 0.000038
2.925079 0.000000 0.001349 0.000036
2.925479 0.000000 0.001354 0.000039
2.926080 0.000000 0.001287 0.000035
2.926580 0.000000 0.001296 0.000039
2.927181 0.000000 0.001234 0.000038
2.927681 0.000000 0.001195 0.000044
2.928182 0.000000 0.001208 0.000043
2.930484 0.000000 0.001156 0.000039
2.934488 0.000000 0.001209 0.000043
2.944396 0.000000 0.001715 0.000044
2.954804 0.000000 0.003477 0.000061
2.964409 0.000000 0.003621 0.000063
2.974514 0.000000 0.002728 0.000052
2.975414 0.000000 0.003177 0.000151
2.984517 0.000000 0.002877 0.000060
2.984917 0.000000 0.003119 0.000122
2.994418 0.000000 0.003868 0.000068
2.995618 0.000000 0.004657 0.000142
2.999618 0.000000 0.005807 0.000167
3.003118 0.000000 0.006650 0.000155
3.003618 0.000000 0.007497 0.000208
3.004618 0.000000 0.007746 0.000107
3.006118 0.000000 0.009171 0.000146
3.007218 0.000000 0.010037 0.000166
3.008118 0.000000 0.010835 0.000228
3.008218 0.000000 0.010892 0.000143
3.009018 0.000000 0.011678 0.000245
3.010218 0.000000 0.013080 0.000154
3.011117 0.000000 0.014097 0.000164
3.012217 0.000000 0.015831 0.000161
3.012317 0.000000 0.015975 0.000194
3.013117 0.000000 0.017839 0.000180
3.014217 0.000000 0.021857 0.000177
3.014317 0.000000 0.021692 0.000224
3.015217 0.000000 0.026004 0.000208
3.015517 0.000000 0.026983 0.000277
3.015917 0.000000 0.029173 0.000282
3.016317 0.000000 0.031284 0.000300
3.016516 0.000000 0.033442 0.000270
3.016716 0.000000 0.034946 0.000310
3.016916 0.000000 0.035609 0.000270
3.017216 0.000000 0.036615 0.000306
3.017716 0.000000 0.036755 0.000296
3.018116 0.000000 0.035516 0.000292
3.018616 0.000000 0.032164 0.000271
3.019116 0.000000 0.024888 0.000283
3.019216 0.000000 0.027646 0.000293
3.019716 0.000000 0.023574 0.000213
3.020316 0.000000 0.020509 0.000193
3.020715 0.000000 0.018267 0.000208
3.021215 0.000000 0.015956 0.000165
3.021715 0.000000 0.014505 0.000141
3.022315 0.000000 0.012924 0.000145
3.022815 0.000000 0.011752 0.000185
3.023215 0.000000 0.010996 0.000131
3.024214 0.000000 0.009406 0.000183
3.026414 0.000000 0.007624 0.000168
3.027213 0.000000 0.007335 0.000127
3.030112 0.000000 0.006371 0.000150
3.031012 0.000000 0.006360 0.000143
3.034110 0.000000 0.006023 0.000141
3.035010 0.000000 0.006363 0.000130
3.036209 0.000000 0.006471 0.000114
3.037109 0.000000 0.007464 0.000140
3.037209 0.000000 0.006885 0.000161
3.037809 0.000000 0.008153 0.000163
3.038208 0.000000 0.010968 0.000110
3.038408 0.000000 0.017236 0.000195
3.038508 0.000000 0.013472 0.000142
3.038708 0.000000 0.027777 0.000181
3.038908 0.000000 0.025382 0.000186
3.039008 0.000000 0.034862 0.000330
3.039108 0.000000 0.038774 0.000196
3.039208 0.000000 0.047251 0.000387
3.039608 0.000000 0.024710 0.000203
3.040107 0.000000 0.020202 0.000250
3.041207 0.000000 0.010436 0.000185
3.042206 0.000000 0.008976 0.000185
3.043206 0.000000 0.008882 0.000182
3.043505 0.000000 0.008972 0.000128
3.044205 0.000000 0.008981 0.000142
3.046204 0.000000 0.009066 0.000166
3.047703 0.000000 0.008974 0.000132
3.050101 0.000000 0.008022 0.000173
3.051700 0.000000 0.007190 0.000138
3.053599 0.000000 0.006270 0.000127
3.054198 0.000000 0.006024 0.000152
3.057595 0.000000 0.005343 0.000122
3.058195 0.000000 0.005083 0.000142
3.061592 0.000000 0.005578 0.000136
3.062192 0.000000 0.005261 0.000148
3.064190 0.000000 0.005877 0.000147
3.064689 0.000000 0.006266 0.000166
3.065189 0.000000 0.006207 0.000179
3.065489 0.000000 0.006724 0.000167
3.065589 0.000000 0.007251 0.000120
3.065689 0.000000 0.006580 0.000182
3.065988 0.000000 0.007015 0.000187
3.066188 0.000000 0.007107 0.000186
3.066488 0.000000 0.007175 0.000184
3.066788 0.000000 0.007338 0.000168
3.066987 0.000000 0.007508 0.000182
3.067287 0.000000 0.007514 0.000196
3.067387 0.000000 0.007733 0.000196
3.067587 0.000000 0.007946 0.000126
3.067687 0.000000 0.008009 0.000111
3.067887 0.000000 0.007979 0.000107
3.068186 0.000000 0.008035 0.000114
3.068386 0.000000 0.007968 0.000119
3.068586 0.000000 0.007497 0.000143
3.068686 0.000000 0.007553 0.000129
3.068985 0.000000 0.007374 0.000108
3.069185 0.000000 0.007219 0.000091
3.069485 0.000000 0.007175 0.000111
3.069585 0.000000 0.006730 0.000155
3.069685 0.000000 0.007021 0.000111
3.069984 0.000000 0.006672 0.000108
3.070184 0.000000 0.006374 0.000106
3.070384 0.000000 0.006237 0.000122
3.070784 0.000000 0.006011 0.000099
3.071283 0.000000 0.005974 0.000110
3.071783 0.000000 0.005678 0.000107
3.072082 0.000000 0.005731 0.000115
3.073281 0.000000 0.005915 0.000117
3.074180 0.000000 0.006595 0.000114
3.075079 0.000000 0.008629 0.000089
3.075679 0.000000 0.012440 0.000175
3.076278 0.000000 0.015527 0.000165
3.076578 0.000000 0.034842 0.000452
3.076678 0.000000 0.024934 0.000152
3.076977 0.000000 0.036868 0.000239
3.077077 0.000000 0.081856 0.000765
3.077277 0.000000 0.070539 0.000270
3.077477 0.000000 0.085748 0.000336
3.077577 0.000000 0.077180 0.000430
3.077776 0.000000 0.077713 0.000267
3.077976 0.000000 0.070534 0.000349
3.078076 0.000000 0.055873 0.000420
3.078176 0.000000 0.055618 0.000294
3.078376 0.000000 0.041431 0.000358
3.078476 0.000000 0.037250 0.000265
3.078676 0.000000 0.028382 0.000159
3.079175 0.000000 0.017688 0.000217
3.079275 0.000000 0.017795 0.000181
3.079575 0.000000 0.014220 0.000133
3.080074 0.000000 0.011683 0.000159
3.080573 0.000000 0.009838 0.000108
3.081173 0.000000 0.009114 0.000152
3.082172 0.000000 0.008159 0.000121
3.082471 0.000000 0.007797 0.000146
3.084169 0.000000 0.007265 0.000176
3.086167 0.000000 0.007161 0.000138
3.086566 0.000000 0.007057 0.000173
3.087066 0.000000 0.007129 0.000131
3.087765 0.000000 0.007053 0.000137
3.089263 0.000000 0.006991 0.000133
3.090162 0.000000 0.006980 0.000149
3.090462 0.000000 0.006800 0.000126
3.092159 0.000000 0.006971 0.000128
3.093158 0.000000 0.006952 0.000122
3.094157 0.000000 0.007219 0.000125
3.094257 0.000000 0.007048 0.000119
3.095156 0.000000 0.007304 0.000123
3.096154 0.000000 0.007521 0.000142
3.097153 0.000000 0.007564 0.000130
3.098251 0.000000 0.007683 0.000138
3.098351 0.000000 0.007611 0.000125
3.099250 0.000000 0.007714 0.000138
3.100149 0.000000 0.007790 0.000171
3.102146 0.000000 0.008084 0.000138
3.102446 0.000000 0.008299 0.000138
3.103644 0.000000 0.009305 0.000122
3.103744 0.000000 0.008945 0.000174
3.104043 0.000000 0.009474 0.000138
3.104143 0.000000 0.010302 0.000127
3.104642 0.000000 0.011777 0.000173
3.104742 0.000000 0.011396 0.000169
3.105142 0.000000 0.017292 0.000337
3.105341 0.000000 0.020411 0.000200
3.105441 0.000000 0.015208 0.000180
3.105641 0.000000 0.016885 0.000212
3.105841 0.000000 0.021631 0.000201
3.106240 0.000000 0.031834 0.000264
3.106440 0.000000 0.037887 0.000283
3.106639 0.000000 0.039902 0.000293
3.106839 0.000000 0.038098 0.000306
3.107139 0.000000 0.031855 0.000288
3.107638 0.000000 0.021033 0.000209
3.108137 0.000000 0.014959 0.000186
3.108636 0.000000 0.012337 0.000174
3.109236 0.000000 0.010925 0.000139
3.109535 0.000000 0.009904 0.000102
3.110034 0.000000 0.009715 0.000150
3.110733 0.000000 0.009407 0.000161
3.111232 0.000000 0.009178 0.000164
3.111632 0.000000 0.008886 0.000167
3.111931 0.000000 0.008760 0.000170
3.113429 0.000000 0.009034 0.000147
3.116125 0.000000 0.009301 0.000182
3.117423 0.000000 0.009636 0.000148
3.119719 0.000000 0.010212 0.000182
3.121316 0.000000 0.010597 0.000157
3.124111 0.000000 0.011381 0.000188
3.125309 0.000000 0.011371 0.000139
3.128104 0.000000 0.011885 0.000189
3.129302 0.000000 0.011459 0.000169
3.131997 0.000000 0.011258 0.000159
3.133395 0.000000 0.010768 0.000154
3.137287 0.000000 0.009587 0.000201
3.138984 0.000000 0.009747 0.000136
3.141379 0.000000 0.008635 0.000152
3.142976 0.000000 0.008791 0.000136
3.145471 0.000000 0.007322 0.000144
3.146769 0.000000 0.007685 0.000127
3.147367 0.000000 0.007038 0.000121
3.151359 0.000000 0.006184 0.000140
3.151658 0.000000 0.006130 0.000150
3.155450 0.000000 0.005579 0.000141
3.156049 0.000000 0.005585 0.000140
3.157446 0.000000 0.005390 0.000135
3.159641 0.000000 0.005122 0.000149
3.160639 0.000000 0.005212 0.000181
3.161038 0.000000 0.005414 0.000119
3.161537 0.000000 0.005225 0.000091
3.161836 0.000000 0.005226 0.000129
3.162435 0.000000 0.005423 0.000101
3.162734 0.000000 0.005745 0.000188
3.162934 0.000000 0.005681 0.000128
3.163532 0.000000 0.006458 0.000194
3.163732 0.000000 0.007111 0.000191
3.163831 0.000000 0.007099 0.000165
3.164131 0.000000 0.013299 0.000248
3.164330 0.000000 0.026067 0.000310
3.164929 0.000000 0.019517 0.000192
3.165328 0.000000 0.020741 0.000283
3.165727 0.000000 0.007895 0.000094
3.166326 0.000000 0.007193 0.000202
3.166525 0.000000 0.006675 0.000122
3.167224 0.000000 0.006295 0.000108
3.167523 0.000000 0.006138 0.000158
3.167922 0.000000 0.006080 0.000091
3.168221 0.000000 0.006092 0.000187
3.169319 0.000000 0.006139 0.000087
3.169418 0.000000 0.005989 0.000187
3.170416 0.000000 0.006306 0.000191
3.170616 0.000000 0.006354 0.000124
3.171613 0.000000 0.006763 0.000105
3.172611 0.000000 0.007239 0.000197
3.172910 0.000000 0.007641 0.000124
3.173509 0.000000 0.007865 0.000203
3.174407 0.000000 0.009102 0.000140
3.174506 0.000000 0.009160 0.000216
3.175504 0.000000 0.010228 0.000219
3.176501 0.000000 0.012053 0.000237
3.176801 0.000000 0.012941 0.000183
3.177399 0.000000 0.014396 0.000255
3.177798 0.000000 0.015656 0.000154
3.178596 0.000000 0.017575 0.000272
3.178796 0.000000 0.018784 0.000211
3.179095 0.000000 0.019317 0.000281
3.179594 0.000000 0.020840 0.000288
3.180392 0.000000 0.023566 0.000308
3.181289 0.000000 0.021912 0.000203
3.181589 0.000000 0.025338 0.000320
3.182087 0.000000 0.023025 0.000203
3.182287 0.000000 0.024631 0.000319
3.182985 0.000000 0.023539 0.000309
3.183384 0.000000 0.022516 0.000305
3.184282 0.000000 0.019744 0.000257
3.185578 0.000000 0.016441 0.000279
3.186476 0.000000 0.014640 0.000256
3.187473 0.000000 0.012359 0.000236
3.187872 0.000000 0.008845 0.000090
3.188471 0.000000 0.010306 0.000224
3.189468 0.000000 0.008947 0.000206
3.190466 0.000000 0.007799 0.000199
3.191463 0.000000 0.006744 0.000186
3.192560 0.000000 0.005944 0.000181
3.193358 0.000000 0.005465 0.000175
3.193757 0.000000 0.005259 0.000058
3.194355 0.000000 0.005020 0.000171
3.195452 0.000000 0.004507 0.000161
3.195951 0.000000 0.004509 0.000076
3.196449 0.000000 0.004176 0.000144
3.197447 0.000000 0.004207 0.000160
3.197846 0.000000 0.003671 0.000131
3.198244 0.000000 0.003863 0.000142
3.198843 0.000000 0.003378 0.000154
3.199441 0.000000 0.003600 0.000148
3.199840 0.000000 0.003415 0.000133
3.200438 0.000000 0.003617 0.000174
3.200937 0.000000 0.003151 0.000131
3.201435 0.000000 0.003563 0.000160
3.201535 0.000000 0.003388 0.000095
3.202433 0.000000 0.003264 0.000156
3.202632 0.000000 0.002853 0.000137
3.203330 0.000000 0.003269 0.000149
3.204926 0.000000 0.003217 0.000126
