2.120055 0.000000 0.001971 0.000057
2.121159 0.000000 0.001598 0.000071
2.122163 0.000000 0.001435 0.000064
2.123166 0.000000 0.001273 0.000056
2.124170 0.000000 0.001308 0.000051
2.124672 0.000000 0.001717 0.000064
2.125174 0.000000 0.002515 0.000081
2.125475 0.000000 0.002188 0.000080
2.126680 0.000000 0.001120 0.000066
2.127683 0.000000 0.001044 0.000060
2.128587 0.000000 0.001003 0.000069
2.132501 0.000000 0.000866 0.000088
2.137621 0.000000 0.000492 0.000074
2.139528 0.000000 0.000353 0.000069
2.143543 0.000000 0.000779 0.000313
2.147658 0.000000 0.000712 0.000177
2.151472 0.000000 0.000606 0.000138
2.161711 0.000000 0.000473 0.000029
2.166429 0.000000 0.003561 0.000059
2.170845 0.000000 0.002732 0.000050
2.175362 0.000000 0.001069 0.000062
2.175964 0.000000 0.001040 0.000046
2.176366 0.000000 0.001742 0.000085
2.176767 0.000000 0.001747 0.000051
2.176868 0.000000 0.002709 0.000104
2.177269 0.000000 0.001565 0.000100
2.177871 0.000000 0.001248 0.000045
2.178273 0.000000 0.001183 0.000049
2.178775 0.000000 0.001065 0.000052
2.179879 0.000000 0.001090 0.000055
2.180983 0.000000 0.001310 0.000040
2.186905 0.000000 0.002117 0.000056
2.191523 0.000000 0.003285 0.000063
2.196642 0.000000 0.005143 0.000076
2.199352 0.000000 0.005846 0.000074
2.199954 0.000000 0.006113 0.000090
2.200055 0.000000 0.005814 0.000121
2.200356 0.000000 0.006461 0.000083
2.200456 0.000000 0.005893 0.000125
2.200958 0.000000 0.008521 0.000158
2.201058 0.000000 0.006132 0.000107
2.201360 0.000000 0.007295 0.000131
2.201460 0.000000 0.006648 0.000069
2.201761 0.000000 0.006980 0.000065
2.201962 0.000000 0.006258 0.000143
2.203769 0.000000 0.006970 0.000084
2.205977 0.000000 0.007009 0.000102
2.206880 0.000000 0.007087 0.000088
2.207382 0.000000 0.006914 0.000066
2.211698 0.000000 0.006532 0.000079
2.211899 0.000000 0.006619 0.000090
2.215713 0.000000 0.006479 0.000096
2.215814 0.000000 0.006459 0.000077
2.221937 0.000000 0.006770 0.000081
2.226654 0.000000 0.007307 0.000079
2.231472 0.000000 0.007715 0.000086
2.246730 0.000000 0.007049 0.000100
2.251648 0.000000 0.006345 0.000095
2.256566 0.000000 0.005780 0.000095
2.261786 0.000000 0.005092 0.000078
2.266403 0.000000 0.004674 0.000074
2.271322 0.000000 0.004228 0.000073
2.276943 0.000000 0.003925 0.000073
2.281661 0.000000 0.003924 0.000082
2.287282 0.000000 0.003900 0.000077
2.292300 0.000000 0.004090 0.000069
2.294007 0.000000 0.004261 0.000073
2.296215 0.000000 0.004849 0.000076
2.298022 0.000000 0.005331 0.000080
2.300130 0.000000 0.006553 0.000090
2.302137 0.000000 0.008697 0.000102
2.304346 0.000000 0.012141 0.000112
2.305851 0.000000 0.015422 0.000123
2.308260 0.000000 0.019758 0.000138
2.310067 0.000000 0.020307 0.000153
2.312175 0.000000 0.017332 0.000150
2.316290 0.000000 0.009661 0.000115
2.320406 0.000000 0.005898 0.000092
2.322112 0.000000 0.005195 0.000090
2.323317 0.000000 0.004859 0.000078
2.324220 0.000000 0.004501 0.000085
2.325324 0.000000 0.004328 0.000061
2.326529 0.000000 0.004100 0.000051
2.326930 0.000000 0.004026 0.000072
2.327533 0.000000 0.003975 0.000072
2.327934 0.000000 0.004003 0.000057
2.328235 0.000000 0.003955 0.000086
2.328436 0.000000 0.003956 0.000094
2.329038 0.000000 0.003871 0.000073
2.329440 0.000000 0.003722 0.000086
2.329942 0.000000 0.003705 0.000079
2.330443 0.000000 0.003687 0.000075
2.331046 0.000000 0.003639 0.000062
2.331447 0.000000 0.003532 0.000045
2.332250 0.000000 0.003585 0.000086
2.332351 0.000000 0.003494 0.000043
2.336366 0.000000 0.003512 0.000084
2.336466 0.000000 0.003402 0.000038
2.339879 0.000000 0.003534 0.000076
2.344195 0.000000 0.003672 0.000100
2.344295 0.000000 0.003829 0.000032
2.346002 0.000000 0.004123 0.000072
2.346403 0.000000 0.003980 0.000101
2.347708 0.000000 0.004474 0.000072
2.348411 0.000000 0.004361 0.000097
2.349214 0.000000 0.005126 0.000080
2.350519 0.000000 0.005167 0.000104
2.350619 0.000000 0.005808 0.000085
2.352024 0.000000 0.006860 0.000084
2.352225 0.000000 0.006047 0.000121
2.353028 0.000000 0.008254 0.000095
2.353731 0.000000 0.009478 0.000096
2.354433 0.000000 0.008727 0.000128
2.354534 0.000000 0.011176 0.000106
2.355337 0.000000 0.011517 0.000109
2.356140 0.000000 0.014258 0.000106
2.356441 0.000000 0.013089 0.000150
2.356642 0.000000 0.016093 0.000111
2.357244 0.000000 0.019224 0.000116
2.357746 0.000000 0.022169 0.000125
2.358248 0.000000 0.024772 0.000125
2.358549 0.000000 0.023779 0.000192
2.358950 0.000000 0.028170 0.000136
2.359452 0.000000 0.028857 0.000138
2.359954 0.000000 0.027933 0.000145
2.360255 0.000000 0.027151 0.000123
2.360857 0.000000 0.023723 0.000110
2.361359 0.000000 0.021492 0.000132
2.361761 0.000000 0.019553 0.000126
2.362463 0.000000 0.017852 0.000094
2.363066 0.000000 0.016667 0.000086
2.363568 0.000000 0.016648 0.000083
2.363768 0.000000 0.016680 0.000167
2.364070 0.000000 0.017138 0.000085
2.364571 0.000000 0.018379 0.000081
2.365073 0.000000 0.019899 0.000085
2.365475 0.000000 0.021825 0.000099
2.365977 0.000000 0.024478 0.000100
2.366378 0.000000 0.022988 0.000150
2.366579 0.000000 0.027779 0.000115
2.366980 0.000000 0.030914 0.000111
2.367482 0.000000 0.033724 0.000133
2.367984 0.000000 0.036589 0.000136
2.368586 0.000000 0.039303 0.000147
2.369088 0.000000 0.041278 0.000149
2.369490 0.000000 0.043485 0.000156
2.369992 0.000000 0.046244 0.000161
2.370494 0.000000 0.050015 0.000160
2.371096 0.000000 0.053544 0.000185
2.371899 0.000000 0.054544 0.000166
2.372200 0.000000 0.056368 0.000176
2.372501 0.000000 0.056945 0.000183
2.373204 0.000000 0.055914 0.000199
2.373505 0.000000 0.054088 0.000172
2.374107 0.000000 0.050911 0.000170
2.374609 0.000000 0.050276 0.000168
2.374910 0.000000 0.047961 0.000216
2.375111 0.000000 0.046675 0.000160
2.375613 0.000000 0.042652 0.000177
2.376717 0.000000 0.034590 0.000127
2.377620 0.000000 0.029294 0.000117
2.378524 0.000000 0.025122 0.000090
2.379628 0.000000 0.021180 0.000105
2.380531 0.000000 0.018563 0.000096
2.382539 0.000000 0.014990 0.000097
2.384546 0.000000 0.012837 0.000091
2.386654 0.000000 0.011978 0.000089
2.388662 0.000000 0.012363 0.000091
2.390569 0.000000 0.013606 0.000096
2.392476 0.000000 0.014569 0.000098
2.392777 0.000000 0.014977 0.000110
2.394484 0.000000 0.015110 0.000106
2.396591 0.000000 0.014141 0.000112
2.397495 0.000000 0.013327 0.000117
2.398699 0.000000 0.012752 0.000118
2.400707 0.000000 0.011371 0.000095
2.402514 0.000000 0.009904 0.000110
2.402815 0.000000 0.009932 0.000064
2.404421 0.000000 0.008778 0.000054
2.406228 0.000000 0.007969 0.000060
2.408436 0.000000 0.007071 0.000057
2.410544 0.000000 0.006622 0.000054
2.412652 0.000000 0.006189 0.000043
2.414458 0.000000 0.006053 0.000043
2.417269 0.000000 0.005872 0.000040
2.417670 0.000000 0.005745 0.000071
2.422288 0.000000 0.005709 0.000070
2.422489 0.000000 0.005825 0.000045
2.426403 0.000000 0.006097 0.000076
2.426604 0.000000 0.006129 0.000045
2.429314 0.000000 0.006711 0.000049
2.430719 0.000000 0.007032 0.000088
2.431422 0.000000 0.007580 0.000072
2.432727 0.000000 0.008394 0.000070
2.433731 0.000000 0.008462 0.000100
2.434734 0.000000 0.008943 0.000052
2.435537 0.000000 0.010288 0.000109
2.436642 0.000000 0.014284 0.000094
2.437746 0.000000 0.014977 0.000121
2.438047 0.000000 0.018826 0.000121
2.438850 0.000000 0.018934 0.000141
2.439854 0.000000 0.023020 0.000131
2.440356 0.000000 0.025199 0.000132
2.440857 0.000000 0.026643 0.000099
2.441660 0.000000 0.026435 0.000132
2.441761 0.000000 0.027085 0.000140
2.442062 0.000000 0.026483 0.000136
2.442463 0.000000 0.025338 0.000130
2.442664 0.000000 0.023095 0.000094
2.442965 0.000000 0.023978 0.000130
2.443768 0.000000 0.019371 0.000077
2.444672 0.000000 0.015862 0.000105
2.444872 0.000000 0.016327 0.000110
2.445776 0.000000 0.013609 0.000101
2.446679 0.000000 0.011046 0.000083
2.446880 0.000000 0.011434 0.000089
2.448687 0.000000 0.008901 0.000085
2.450594 0.000000 0.007399 0.000084
2.450795 0.000000 0.007427 0.000080
2.452802 0.000000 0.006595 0.000077
2.454709 0.000000 0.006119 0.000059
2.455111 0.000000 0.005994 0.000091
2.456817 0.000000 0.005792 0.000089
2.458825 0.000000 0.005648 0.000056
2.461033 0.000000 0.005648 0.000066
2.462739 0.000000 0.005605 0.000054
2.464847 0.000000 0.005634 0.000053
2.466754 0.000000 0.005709 0.000070
2.467758 0.000000 0.005833 0.000092
2.468762 0.000000 0.005899 0.000076
2.468862 0.000000 0.006134 0.000066
2.469264 0.000000 0.006029 0.000092
2.469866 0.000000 0.006203 0.000096
2.470368 0.000000 0.006417 0.000097
2.470770 0.000000 0.007010 0.000074
2.470970 0.000000 0.006617 0.000103
2.471372 0.000000 0.007071 0.000100
2.471874 0.000000 0.007467 0.000105
2.472376 0.000000 0.008112 0.000111
2.472777 0.000000 0.009518 0.000074
2.473580 0.000000 0.010537 0.000110
2.473982 0.000000 0.011380 0.000126
2.474283 0.000000 0.011860 0.000126
2.474785 0.000000 0.012017 0.000118
2.474885 0.000000 0.011351 0.000101
2.475387 0.000000 0.011201 0.000099
2.476792 0.000000 0.008306 0.000049
2.477796 0.000000 0.007642 0.000103
2.478900 0.000000 0.007099 0.000092
2.479803 0.000000 0.006884 0.000089
2.480807 0.000000 0.007026 0.000042
2.481911 0.000000 0.007001 0.000099
2.482815 0.000000 0.006901 0.000100
2.482915 0.000000 0.006909 0.000049
2.483919 0.000000 0.006775 0.000045
2.484019 0.000000 0.006647 0.000106
2.484521 0.000000 0.006729 0.000100
2.485023 0.000000 0.006861 0.000044
2.485424 0.000000 0.007228 0.000062
2.485525 0.000000 0.006793 0.000104
2.485926 0.000000 0.007824 0.000094
2.486027 0.000000 0.007116 0.000107
2.486428 0.000000 0.007807 0.000119
2.486529 0.000000 0.011554 0.000160
2.486930 0.000000 0.012747 0.000117
2.487532 0.000000 0.012721 0.000124
2.488034 0.000000 0.009416 0.000086
2.488536 0.000000 0.007712 0.000065
2.488737 0.000000 0.007715 0.000120
2.489038 0.000000 0.007324 0.000068
2.489440 0.000000 0.007174 0.000052
2.489841 0.000000 0.007082 0.000040
2.490544 0.000000 0.007020 0.000045
2.490945 0.000000 0.007006 0.000044
2.491046 0.000000 0.006853 0.000093
2.491949 0.000000 0.006895 0.000097
2.492049 0.000000 0.007006 0.000049
2.492852 0.000000 0.006827 0.000088
2.492953 0.000000 0.007063 0.000040
2.493956 0.000000 0.007161 0.000045
2.494157 0.000000 0.006956 0.000094
2.494860 0.000000 0.007148 0.000041
2.495864 0.000000 0.007284 0.000049
2.496064 0.000000 0.007072 0.000093
2.496968 0.000000 0.007158 0.000085
2.497871 0.000000 0.007274 0.000066
2.497972 0.000000 0.007489 0.000048
2.499176 0.000000 0.007348 0.000079
2.499879 0.000000 0.007540 0.000082
2.499979 0.000000 0.007822 0.000044
2.500983 0.000000 0.007698 0.000085
2.501987 0.000000 0.007768 0.000080
2.502388 0.000000 0.008096 0.000037
2.503091 0.000000 0.007985 0.000086
2.503994 0.000000 0.008098 0.000096
2.504998 0.000000 0.008267 0.000087
2.506002 0.000000 0.008460 0.000089
2.506805 0.000000 0.008534 0.000097
2.508009 0.000000 0.008798 0.000107
2.509113 0.000000 0.009133 0.000105
2.509816 0.000000 0.009218 0.000107
2.511020 0.000000 0.009614 0.000105
2.512125 0.000000 0.009990 0.000097
2.513429 0.000000 0.010403 0.000113
2.513831 0.000000 0.010640 0.000115
2.516140 0.000000 0.020963 0.000158
2.518147 0.000000 0.012981 0.000124
2.519552 0.000000 0.013730 0.000117
2.521761 0.000000 0.015825 0.000135
2.523969 0.000000 0.018870 0.000144
2.526077 0.000000 0.023649 0.000162
2.528185 0.000000 0.029519 0.000161
2.530192 0.000000 0.033410 0.000161
2.532099 0.000000 0.032849 0.000183
2.534107 0.000000 0.027961 0.000178
2.536215 0.000000 0.023437 0.000154
2.538222 0.000000 0.020649 0.000135
2.540029 0.000000 0.019044 0.000119
2.542539 0.000000 0.018191 0.000147
2.544044 0.000000 0.017975 0.000146
2.546052 0.000000 0.018108 0.000147
2.548059 0.000000 0.018573 0.000149
2.550268 0.000000 0.019256 0.000137
2.552275 0.000000 0.020136 0.000153
2.554182 0.000000 0.021381 0.000145
2.556190 0.000000 0.022035 0.000125
2.558298 0.000000 0.023070 0.000166
2.560205 0.000000 0.024304 0.000166
2.562313 0.000000 0.025488 0.000172
2.564220 0.000000 0.027042 0.000153
2.566328 0.000000 0.028730 0.000217
2.568235 0.000000 0.030296 0.000175
2.570242 0.000000 0.032456 0.000168
2.572350 0.000000 0.034149 0.000168
2.574258 0.000000 0.034637 0.000180
2.576365 0.000000 0.034908 0.000170
2.578273 0.000000 0.034953 0.000155
2.580180 0.000000 0.034872 0.000169
2.582288 0.000000 0.034455 0.000160
2.584195 0.000000 0.033662 0.000168
2.586403 0.000000 0.032303 0.000156
2.588411 0.000000 0.031004 0.000166
2.590217 0.000000 0.029647 0.000155
2.592426 0.000000 0.028626 0.000158
2.594232 0.000000 0.028295 0.000147
2.596441 0.000000 0.026982 0.000156
2.598448 0.000000 0.021987 0.000141
2.600255 0.000000 0.018265 0.000121
2.601259 0.000000 0.017279 0.000132
2.602564 0.000000 0.015728 0.000121
2.603467 0.000000 0.015147 0.000121
2.605575 0.000000 0.013214 0.000119
2.607181 0.000000 0.011767 0.000104
2.609289 0.000000 0.010235 0.000099
2.611497 0.000000 0.008887 0.000097
2.613404 0.000000 0.009609 0.000099
2.618022 0.000000 0.006416 0.000089
2.623542 0.000000 0.005142 0.000080
2.627959 0.000000 0.004409 0.000079
2.632978 0.000000 0.004119 0.000083
2.638599 0.000000 0.003853 0.000073
2.643216 0.000000 0.003878 0.000071
2.648536 0.000000 0.003979 0.000077
2.653053 0.000000 0.004251 0.000073
2.655562 0.000000 0.004462 0.000073
2.657570 0.000000 0.004637 0.000082
2.659377 0.000000 0.004827 0.000083
2.661284 0.000000 0.005071 0.000066
2.663492 0.000000 0.005361 0.000073
2.665399 0.000000 0.005619 0.000077
2.667608 0.000000 0.005946 0.000104
2.669916 0.000000 0.006247 0.000092
2.671723 0.000000 0.006329 0.000094
2.673931 0.000000 0.006472 0.000074
2.675336 0.000000 0.006535 0.000073
2.677545 0.000000 0.006910 0.000074
2.679452 0.000000 0.007259 0.000085
2.681660 0.000000 0.007707 0.000095
2.688486 0.000000 0.009439 0.000085
2.693404 0.000000 0.011179 0.000095
2.698523 0.000000 0.013458 0.000090
2.701735 0.000000 0.015049 0.000134
2.703743 0.000000 0.016580 0.000104
2.706754 0.000000 0.018794 0.000148
2.707758 0.000000 0.020328 0.000125
2.708862 0.000000 0.021309 0.000168
2.709766 0.000000 0.022985 0.000179
2.710368 0.000000 0.024463 0.000196
2.710870 0.000000 0.025992 0.000209
2.711271 0.000000 0.028375 0.000160
2.711472 0.000000 0.028673 0.000211
2.711773 0.000000 0.031116 0.000222
2.712275 0.000000 0.038975 0.000172
2.712375 0.000000 0.043214 0.000288
2.712576 0.000000 0.046747 0.000282
2.712777 0.000000 0.049116 0.000188
2.713178 0.000000 0.050470 0.000328
2.713379 0.000000 0.048937 0.000348
2.713479 0.000000 0.048101 0.000384
2.713781 0.000000 0.043820 0.000209
2.713881 0.000000 0.041755 0.000331
2.714383 0.000000 0.038290 0.000249
2.714885 0.000000 0.036250 0.000283
2.715286 0.000000 0.035484 0.000264
2.715788 0.000000 0.035587 0.000193
2.716290 0.000000 0.035726 0.000323
2.716892 0.000000 0.036516 0.000250
2.717394 0.000000 0.037250 0.000273
2.717796 0.000000 0.038012 0.000175
2.718398 0.000000 0.039524 0.000257
2.718699 0.000000 0.040532 0.000249
2.719502 0.000000 0.042416 0.000308
2.719904 0.000000 0.043652 0.000256
2.720004 0.000000 0.044132 0.000316
2.720405 0.000000 0.046003 0.000398
2.720907 0.000000 0.047580 0.000374
2.721309 0.000000 0.049593 0.000351
2.721811 0.000000 0.050411 0.000189
2.722413 0.000000 0.052620 0.000403
2.722915 0.000000 0.054125 0.000258
2.723417 0.000000 0.055744 0.000444
2.723617 0.000000 0.056615 0.000302
2.723818 0.000000 0.056420 0.000456
2.724019 0.000000 0.058156 0.000341
2.724220 0.000000 0.059230 0.000338
2.724922 0.000000 0.061539 0.000350
2.725926 0.000000 0.063764 0.000219
2.726930 0.000000 0.066635 0.000335
2.727733 0.000000 0.068611 0.000276
2.727934 0.000000 0.068239 0.000339
2.728937 0.000000 0.069191 0.000250
2.729941 0.000000 0.069931 0.000367
2.730845 0.000000 0.070304 0.000313
2.731648 0.000000 0.071871 0.000323
2.731949 0.000000 0.070403 0.000392
2.732952 0.000000 0.070589 0.000394
2.734057 0.000000 0.070066 0.000358
2.734960 0.000000 0.069982 0.000268
2.735462 0.000000 0.071583 0.000371
2.735763 0.000000 0.071900 0.000329
2.735863 0.000000 0.072527 0.000404
2.735964 0.000000 0.071093 0.000380
2.736466 0.000000 0.073333 0.000459
2.736867 0.000000 0.074314 0.000424
2.737469 0.000000 0.074984 0.000480
2.737871 0.000000 0.075175 0.000389
2.738072 0.000000 0.074955 0.000406
2.738172 0.000000 0.074044 0.000399
2.738373 0.000000 0.073923 0.000468
2.738674 0.000000 0.072933 0.000383
2.738774 0.000000 0.072890 0.000272
2.738875 0.000000 0.074022 0.000440
2.738975 0.000000 0.074021 0.000498
2.739276 0.000000 0.073615 0.000441
2.739377 0.000000 0.075899 0.000477
2.739477 0.000000 0.074252 0.000438
2.739778 0.000000 0.075314 0.000487
2.739878 0.000000 0.078145 0.000493
2.739979 0.000000 0.076361 0.000398
2.740180 0.000000 0.078305 0.000530
2.740380 0.000000 0.082743 0.000589
2.740481 0.000000 0.081212 0.000615
2.740681 0.000000 0.082191 0.000170
2.740983 0.000000 0.083557 0.000168
2.741384 0.000000 0.080991 0.000185
2.741986 0.000000 0.076576 0.000214
2.742287 0.000000 0.075163 0.000216
2.742388 0.000000 0.074991 0.000328
2.742890 0.000000 0.073755 0.000164
2.743090 0.000000 0.073419 0.000217
2.743291 0.000000 0.075217 0.000168
2.743492 0.000000 0.073499 0.000185
2.743793 0.000000 0.072821 0.000252
2.743994 0.000000 0.073753 0.000202
2.744295 0.000000 0.073017 0.000317
2.744697 0.000000 0.074031 0.000241
2.744797 0.000000 0.073144 0.000332
2.745198 0.000000 0.074313 0.000227
2.745399 0.000000 0.073565 0.000238
2.745700 0.000000 0.073891 0.000217
2.745901 0.000000 0.074253 0.000280
2.746001 0.000000 0.074459 0.000200
2.746303 0.000000 0.074350 0.000263
2.746503 0.000000 0.074825 0.000136
2.746804 0.000000 0.075116 0.000236
2.746905 0.000000 0.075079 0.000194
2.747206 0.000000 0.075294 0.000169
2.747808 0.000000 0.076157 0.000192
2.749314 0.000000 0.078800 0.000314
2.749615 0.000000 0.077753 0.000284
2.749916 0.000000 0.078623 0.000221
2.750016 0.000000 0.079625 0.000212
2.751823 0.000000 0.083157 0.000210
2.752024 0.000000 0.082501 0.000338
2.753931 0.000000 0.086164 0.000172
2.755537 0.000000 0.089616 0.000325
2.756039 0.000000 0.090562 0.000242
2.757946 0.000000 0.093937 0.000202
2.759753 0.000000 0.096922 0.000377
2.761861 0.000000 0.100065 0.000207
2.761961 0.000000 0.099543 0.000328
2.762564 0.000000 0.100316 0.000342
2.762965 0.000000 0.100357 0.000372
2.763367 0.000000 0.100854 0.000249
2.764471 0.000000 0.100890 0.000320
2.764973 0.000000 0.101179 0.000376
2.765474 0.000000 0.100869 0.000279
2.765876 0.000000 0.101676 0.000219
2.765976 0.000000 0.100806 0.000341
2.766980 0.000000 0.100477 0.000412
2.767883 0.000000 0.100987 0.000232
2.768084 0.000000 0.099428 0.000374
2.769891 0.000000 0.097900 0.000317
2.769991 0.000000 0.099385 0.000233
2.771798 0.000000 0.097518 0.000224
2.773705 0.000000 0.093981 0.000168
2.774006 0.000000 0.094791 0.000230
2.776014 0.000000 0.092851 0.000226
2.778624 0.000000 0.088795 0.000359
2.780029 0.000000 0.088201 0.000252
2.783843 0.000000 0.084967 0.000282
2.784044 0.000000 0.076131 0.001674
2.787959 0.000000 0.082599 0.000225
2.791974 0.000000 0.081051 0.000269
2.794282 0.000000 0.079985 0.000287
2.795989 0.000000 0.080908 0.000280
2.800104 0.000000 0.081501 0.000338
2.803417 0.000000 0.082633 0.000268
2.803919 0.000000 0.081840 0.000351
2.806127 0.000000 0.083620 0.000212
2.806829 0.000000 0.085918 0.000208
2.807733 0.000000 0.090303 0.000364
2.807833 0.000000 0.086577 0.000380
2.808737 0.000000 0.093288 0.000259
2.809038 0.000000 0.100291 0.000399
2.809339 0.000000 0.105532 0.000416
2.809540 0.000000 0.108848 0.000424
2.810041 0.000000 0.116107 0.000224
2.810343 0.000000 0.118583 0.000431
2.810443 0.000000 0.117980 0.000436
2.810744 0.000000 0.115775 0.000445
2.811346 0.000000 0.106692 0.000432
2.811848 0.000000 0.099986 0.000385
2.811949 0.000000 0.093633 0.000280
2.812250 0.000000 0.094312 0.000396
2.812752 0.000000 0.091565 0.000395
2.813254 0.000000 0.088811 0.000396
2.813655 0.000000 0.087369 0.000200
2.815863 0.000000 0.085297 0.000249
2.818172 0.000000 0.085217 0.000294
2.820180 0.000000 0.085383 0.000289
2.822287 0.000000 0.085353 0.000273
2.823893 0.000000 0.084623 0.000290
2.826102 0.000000 0.084088 0.000271
2.828511 0.000000 0.082857 0.000263
2.830719 0.000000 0.082265 0.000329
2.833730 0.000000 0.080797 0.000260
2.836340 0.000000 0.079508 0.000221
2.838950 0.000000 0.078129 0.000335
2.841660 0.000000 0.076683 0.000287
2.843969 0.000000 0.076466 0.000281
2.844270 0.000000 0.076492 0.000292
2.844772 0.000000 0.076178 0.000286
2.845073 0.000000 0.077443 0.000381
2.845374 0.000000 0.079492 0.000388
2.845675 0.000000 0.078758 0.000414
2.845976 0.000000 0.077919 0.000419
2.846177 0.000000 0.077113 0.000424
2.846277 0.000000 0.075449 0.000259
2.847783 0.000000 0.074222 0.000294
2.850794 0.000000 0.072614 0.000332
2.855913 0.000000 0.070494 0.000279
2.858122 0.000000 0.070158 0.000303
2.860129 0.000000 0.069780 0.000256
2.862438 0.000000 0.069593 0.000296
2.862940 0.000000 0.069483 0.000382
2.863442 0.000000 0.069494 0.000281
2.863843 0.000000 0.069478 0.000386
2.863944 0.000000 0.069491 0.000297
2.866252 0.000000 0.069802 0.000137
2.870368 0.000000 0.071487 0.000435
2.871974 0.000000 0.072407 0.000368
2.873479 0.000000 0.074586 0.000389
2.874383 0.000000 0.077174 0.000397
2.874885 0.000000 0.077240 0.000459
2.875487 0.000000 0.080528 0.000336
2.875587 0.000000 0.079547 0.000427
2.876089 0.000000 0.080930 0.000418
2.876390 0.000000 0.080771 0.000445
2.876491 0.000000 0.081803 0.000472
2.876691 0.000000 0.081621 0.000452
2.876993 0.000000 0.081935 0.000495
2.877294 0.000000 0.080612 0.000565
2.877494 0.000000 0.080654 0.000421
2.877695 0.000000 0.079143 0.000484
2.877896 0.000000 0.079364 0.000489
2.878398 0.000000 0.075785 0.000386
2.878498 0.000000 0.076758 0.000561
2.879402 0.000000 0.075409 0.000527
2.880305 0.000000 0.074766 0.000282
2.880506 0.000000 0.075017 0.000199
2.881509 0.000000 0.075878 0.000319
2.882513 0.000000 0.078100 0.000409
2.883417 0.000000 0.080246 0.000271
2.884521 0.000000 0.081720 0.000306
2.885324 0.000000 0.083974 0.000501
2.889439 0.000000 0.095695 0.000531
2.893354 0.000000 0.104768 0.000382
2.897269 0.000000 0.103913 0.000536
2.901284 0.000000 0.091766 0.000690
2.905399 0.000000 0.079776 0.000625
2.909013 0.000000 0.067515 0.000317
2.909414 0.000000 0.066174 0.000362
2.910418 0.000000 0.066506 0.000706
2.910518 0.000000 0.066970 0.000341
2.911020 0.000000 0.066513 0.000690
2.911422 0.000000 0.066827 0.000583
2.911723 0.000000 0.065644 0.000732
2.912024 0.000000 0.064575 0.000472
2.912526 0.000000 0.063606 0.000284
2.913128 0.000000 0.063506 0.000349
2.913630 0.000000 0.062107 0.000239
2.914132 0.000000 0.060562 0.000239
2.914634 0.000000 0.059306 0.000235
2.914935 0.000000 0.058422 0.000232
2.916139 0.000000 0.054992 0.000211
2.917143 0.000000 0.052068 0.000235
2.918046 0.000000 0.049605 0.000206
2.918548 0.000000 0.049052 0.000196
2.919151 0.000000 0.049167 0.000261
2.919652 0.000000 0.053193 0.000289
2.920054 0.000000 0.074003 0.000458
2.920154 0.000000 0.076571 0.000391
2.920355 0.000000 0.070443 0.000526
2.920455 0.000000 0.062438 0.000417
2.920656 0.000000 0.054108 0.000350
2.921158 0.000000 0.047548 0.000239
2.921560 0.000000 0.046543 0.000204
2.922162 0.000000 0.044294 0.000125
2.922563 0.000000 0.043100 0.000191
2.923065 0.000000 0.042368 0.000119
2.923567 0.000000 0.041640 0.000120
2.924169 0.000000 0.040977 0.000106
2.924571 0.000000 0.040302 0.000126
2.925073 0.000000 0.039850 0.000124
2.925474 0.000000 0.039249 0.000132
2.926077 0.000000 0.038781 0.000116
2.926578 0.000000 0.038358 0.000130
2.927181 0.000000 0.037764 0.000130
2.927683 0.000000 0.037198 0.000151
2.928184 0.000000 0.036821 0.000147
2.930493 0.000000 0.035237 0.000128
2.934508 0.000000 0.032916 0.000138
2.944445 0.000000 0.028566 0.000122
2.954885 0.000000 0.025800 0.000126
2.964521 0.000000 0.023430 0.000125
2.974659 0.000000 0.021807 0.000110
2.984696 0.000000 0.020464 0.000125
2.994634 0.000000 0.019392 0.000124
3.003366 0.000000 0.018505 0.000216
3.004872 0.000000 0.018760 0.000178
3.008485 0.000000 0.018641 0.000166
3.012601 0.000000 0.019614 0.000202
3.014508 0.000000 0.020349 0.000166
3.015813 0.000000 0.021189 0.000245
3.016214 0.000000 0.021299 0.000240
3.016616 0.000000 0.021313 0.000252
3.016817 0.000000 0.021510 0.000222
3.017017 0.000000 0.021769 0.000254
3.017218 0.000000 0.021585 0.000216
3.017519 0.000000 0.021560 0.000242
3.018021 0.000000 0.021227 0.000235
3.018423 0.000000 0.021212 0.000238
3.018925 0.000000 0.020748 0.000222
3.019527 0.000000 0.020910 0.000253
3.020029 0.000000 0.020459 0.000192
3.020631 0.000000 0.020277 0.000182
3.021033 0.000000 0.020027 0.000204
3.021534 0.000000 0.019999 0.000169
3.022036 0.000000 0.020043 0.000150
3.022639 0.000000 0.020098 0.000163
3.023140 0.000000 0.020272 0.000215
3.023542 0.000000 0.020302 0.000218
3.024546 0.000000 0.020611 0.000235
3.026754 0.000000 0.020427 0.000230
3.030468 0.000000 0.020694 0.000221
3.034483 0.000000 0.021577 0.000213
3.036591 0.000000 0.022362 0.000173
3.037595 0.000000 0.022683 0.000242
3.038197 0.000000 0.023426 0.000230
3.038598 0.000000 0.024618 0.000203
3.038900 0.000000 0.026516 0.000177
3.039100 0.000000 0.029494 0.000248
3.039401 0.000000 0.038025 0.000331
3.039602 0.000000 0.044426 0.000367
3.040506 0.000000 0.030143 0.000284
3.041610 0.000000 0.025325 0.000247
3.042613 0.000000 0.025006 0.000259
3.043617 0.000000 0.025337 0.000265
3.044621 0.000000 0.025517 0.000204
3.046628 0.000000 0.026006 0.000238
3.050543 0.000000 0.027654 0.000264
3.054659 0.000000 0.028608 0.000260
3.058674 0.000000 0.032094 0.000274
3.062689 0.000000 0.040980 0.000314
3.064696 0.000000 0.050683 0.000338
3.065198 0.000000 0.054155 0.000373
3.065700 0.000000 0.058031 0.000411
3.066001 0.000000 0.060781 0.000385
3.066202 0.000000 0.062430 0.000429
3.066503 0.000000 0.065556 0.000432
3.066704 0.000000 0.067849 0.000439
3.067005 0.000000 0.070417 0.000442
3.067306 0.000000 0.075273 0.000415
3.067507 0.000000 0.076256 0.000443
3.067808 0.000000 0.079622 0.000478
3.067908 0.000000 0.081408 0.000487
3.068209 0.000000 0.082462 0.000277
3.068410 0.000000 0.083448 0.000264
3.068711 0.000000 0.084316 0.000281
3.068912 0.000000 0.084036 0.000296
3.069213 0.000000 0.082800 0.000326
3.069514 0.000000 0.080631 0.000277
3.069715 0.000000 0.080795 0.000286
3.070016 0.000000 0.077648 0.000276
3.070217 0.000000 0.076146 0.000273
3.070518 0.000000 0.072331 0.000266
3.070719 0.000000 0.070436 0.000261
3.070920 0.000000 0.068289 0.000300
3.071321 0.000000 0.065280 0.000241
3.071823 0.000000 0.061132 0.000263
3.072325 0.000000 0.057770 0.000258
3.072626 0.000000 0.056410 0.000265
3.073830 0.000000 0.053563 0.000260
3.074734 0.000000 0.052512 0.000243
3.075637 0.000000 0.052325 0.000212
3.076842 0.000000 0.053745 0.000256
3.077243 0.000000 0.054457 0.000220
3.077544 0.000000 0.057007 0.000272
3.077846 0.000000 0.059961 0.000311
3.078046 0.000000 0.062693 0.000292
3.078347 0.000000 0.063074 0.000306
3.078548 0.000000 0.061640 0.000324
3.078749 0.000000 0.060234 0.000290
3.079050 0.000000 0.058085 0.000302
3.079251 0.000000 0.057554 0.000291
3.079853 0.000000 0.056425 0.000272
3.080154 0.000000 0.056393 0.000296
3.080656 0.000000 0.056404 0.000284
3.081158 0.000000 0.055613 0.000290
3.081760 0.000000 0.055914 0.000297
3.082764 0.000000 0.054725 0.000244
3.084771 0.000000 0.053283 0.000376
3.086779 0.000000 0.051213 0.000292
3.087682 0.000000 0.050825 0.000276
3.088385 0.000000 0.050660 0.000286
3.089891 0.000000 0.050510 0.000289
3.090794 0.000000 0.051765 0.000316
3.092802 0.000000 0.053824 0.000276
3.093805 0.000000 0.056368 0.000272
3.094809 0.000000 0.059022 0.000283
3.095813 0.000000 0.062145 0.000282
3.096817 0.000000 0.065729 0.000324
3.097820 0.000000 0.068876 0.000302
3.098925 0.000000 0.072408 0.000322
3.099928 0.000000 0.075149 0.000327
3.100832 0.000000 0.076508 0.000336
3.102839 0.000000 0.078421 0.000323
3.104445 0.000000 0.079797 0.000401
3.104746 0.000000 0.080612 0.000303
3.105449 0.000000 0.084635 0.000360
3.106152 0.000000 0.090157 0.000352
3.106352 0.000000 0.092161 0.000401
3.106553 0.000000 0.093541 0.000347
3.106955 0.000000 0.093269 0.000392
3.107155 0.000000 0.092798 0.000395
3.107356 0.000000 0.090075 0.000393
3.107557 0.000000 0.088321 0.000411
3.107858 0.000000 0.084861 0.000411
3.108360 0.000000 0.078906 0.000339
3.108862 0.000000 0.074929 0.000336
3.109364 0.000000 0.072491 0.000333
3.109966 0.000000 0.069897 0.000278
3.110267 0.000000 0.068980 0.000298
3.110769 0.000000 0.067581 0.000302
3.111472 0.000000 0.065995 0.000334
3.111973 0.000000 0.065012 0.000335
3.112375 0.000000 0.063879 0.000342
3.112676 0.000000 0.063324 0.000351
3.116892 0.000000 0.056805 0.000353
3.120505 0.000000 0.052192 0.000329
3.124922 0.000000 0.047059 0.000313
3.128937 0.000000 0.041708 0.000293
3.139878 0.000000 0.026012 0.000188
3.143893 0.000000 0.021929 0.000183
3.147707 0.000000 0.019394 0.000166
3.152626 0.000000 0.016905 0.000201
3.157042 0.000000 0.015697 0.000190
3.162061 0.000000 0.015486 0.000162
3.162864 0.000000 0.015426 0.000176
3.163467 0.000000 0.015484 0.000134
3.163968 0.000000 0.015633 0.000170
3.164872 0.000000 0.015681 0.000209
3.165976 0.000000 0.015523 0.000172
3.166779 0.000000 0.015896 0.000113
3.167582 0.000000 0.015936 0.000159
3.168285 0.000000 0.016063 0.000143
3.168987 0.000000 0.016244 0.000121
3.170392 0.000000 0.016359 0.000117
3.171697 0.000000 0.016808 0.000169
3.172701 0.000000 0.016967 0.000163
3.174006 0.000000 0.017585 0.000156
3.175512 0.000000 0.018375 0.000173
3.177921 0.000000 0.020036 0.000205
3.178924 0.000000 0.020917 0.000164
3.179928 0.000000 0.022377 0.000215
3.182438 0.000000 0.023684 0.000198
3.183241 0.000000 0.028472 0.000274
3.189062 0.000000 0.025001 0.000123
3.194985 0.000000 0.024645 0.000093
3.197193 0.000000 0.025258 0.000135
3.199100 0.000000 0.026380 0.000253
3.200104 0.000000 0.026737 0.000295
3.201108 0.000000 0.026989 0.000267
3.202212 0.000000 0.027387 0.000277
3.202814 0.000000 0.027788 0.000192
3.203918 0.000000 0.028926 0.000292
