2.118400 	 0 	 0.00058351 	 0.00005125 
2.119500 	 0 	 0.00057509 	 0.00006309 
2.120500 	 0 	 0.00061015 	 0.00005930 
2.121500 	 0 	 0.00071837 	 0.00005063 
2.122500 	 0 	 0.00142457 	 0.00005707 
2.123000 	 0 	 0.00282782 	 0.00007523 
2.123500 	 0 	 0.00594433 	 0.00011765 
2.123800 	 0 	 0.00483090 	 0.00010932 
2.125000 	 0 	 0.00154094 	 0.00008033 
2.126000 	 0 	 0.00133508 	 0.00006629 
2.126900 	 0 	 0.00131280 	 0.00007726 
2.130800 	 0 	 0.00084932 	 0.00007052 
2.135900 	 0 	 0.00051858 	 0.00012628 
2.137800 	 0 	 0.00040303 	 0.00015269 
2.159900 	 0 	 0.00020552 	 0.00002013 
2.164600 	 0 	 0.00082609 	 0.00003948 
2.169000 	 0 	 0.00070282 	 0.00003490 
2.173500 	 0 	 0.00039883 	 0.00014683 
2.174100 	 0 	 0.00033131 	 0.00003150 
2.174500 	 0 	 0.00507577 	 0.00013250 
2.174900 	 0 	 0.00550170 	 0.00007489 
2.175000 	 0 	 0.01338498 	 0.00017552 
2.175400 	 0 	 0.00444488 	 0.00014325 
2.176000 	 0 	 0.00215073 	 0.00005196 
2.176400 	 0 	 0.00086666 	 0.00004561 
2.176900 	 0 	 0.00104608 	 0.00005363 
2.178000 	 0 	 0.00033963 	 0.00004783 
2.179100 	 0 	 0.00018422 	 0.00002222 
2.185000 	 0 	 0.00022930 	 0.00004702 
2.189600 	 0 	 0.00011596 	 0.00002400 
2.194700 	 0 	 0.00057372 	 0.00003808 
2.197400 	 0 	 0.00134730 	 0.00005091 
2.198000 	 0 	 0.00064029 	 0.00004563 
2.198100 	 0 	 0.00189232 	 0.00009523 
2.198400 	 0 	 0.00086383 	 0.00005071 
2.198500 	 0 	 0.00095852 	 0.00009267 
2.199000 	 0 	 0.00422447 	 0.00015503 
2.199100 	 0 	 0.00060157 	 0.00006690 
2.199400 	 0 	 0.00193070 	 0.00010004 
2.199800 	 0 	 0.00093419 	 0.00003930 
2.200000 	 0 	 0.00055227 	 0.00007686 
2.201800 	 0 	 0.00033337 	 0.00003758 
2.204000 	 0 	 0.00025401 	 0.00007592 
2.204900 	 0 	 0.00033595 	 0.00011865 
2.205400 	 0 	 0.00020047 	 0.00002472 
2.209700 	 0 	 0.00021410 	 0.00003196 
2.209900 	 0 	 0.00019999 	 0.00005049 
2.213800 	 0 	 0.00024754 	 0.00003695 
2.219900 	 0 	 0.00032856 	 0.00010384 
2.224600 	 0 	 0.00026570 	 0.00003304 
2.229400 	 0 	 0.00019835 	 0.00002530 
2.244600 	 0 	 0.00032595 	 0.00009883 
2.249500 	 0 	 0.00033009 	 0.00011960 
2.254400 	 0 	 0.00029499 	 0.00006899 
2.259600 	 0 	 0.00021202 	 0.00002950 
2.264200 	 0 	 0.00032857 	 0.00011883 
2.269100 	 0 	 0.00020999 	 0.00003289 
2.274700 	 0 	 0.00021978 	 0.00004372 
2.279400 	 0 	 0.00025184 	 0.00006829 
2.290000 	 0 	 0.00020490 	 0.00004069 
2.291700 	 0 	 0.00029218 	 0.00003780 
2.295700 	 0 	 0.00029150 	 0.00005130 
2.297800 	 0 	 0.00024272 	 0.00004329 
2.299800 	 0 	 0.00064624 	 0.00004790 
2.302000 	 0 	 0.00027309 	 0.00003985 
2.303500 	 0 	 0.00025454 	 0.00004145 
2.305900 	 0 	 0.00031268 	 0.00004990 
2.307700 	 0 	 0.00036360 	 0.00005613 
2.309800 	 0 	 0.00038381 	 0.00007105 
2.313900 	 0 	 0.00028800 	 0.00009603 
2.318000 	 0 	 0.00035882 	 0.00007761 
2.319700 	 0 	 0.00024548 	 0.00004551 
2.320900 	 0 	 0.00030409 	 0.00003575 
2.321800 	 0 	 0.00028370 	 0.00003229 
2.322900 	 0 	 0.00032570 	 0.00003670 
2.324500 	 0 	 0.00061173 	 0.00005263 
2.325100 	 0 	 0.00081262 	 0.00005306 
2.325500 	 0 	 0.00112214 	 0.00004755 
2.325800 	 0 	 0.00144566 	 0.00007460 
2.326000 	 0 	 0.00145565 	 0.00007938 
2.326600 	 0 	 0.00166104 	 0.00006357 
2.327000 	 0 	 0.00130890 	 0.00007416 
2.327500 	 0 	 0.00099523 	 0.00006743 
2.328000 	 0 	 0.00081598 	 0.00005710 
2.328600 	 0 	 0.00061912 	 0.00004703 
2.329000 	 0 	 0.00053367 	 0.00003981 
2.329800 	 0 	 0.00040007 	 0.00006591 
2.329900 	 0 	 0.00041543 	 0.00003536 
2.333900 	 0 	 0.00027488 	 0.00009565 
2.334000 	 0 	 0.00030728 	 0.00003362 
2.337400 	 0 	 0.00037230 	 0.00005802 
2.341700 	 0 	 0.00041077 	 0.00010609 
2.341800 	 0 	 0.00026131 	 0.00002318 
2.343500 	 0 	 0.00029162 	 0.00005806 
2.345200 	 0 	 0.00029753 	 0.00004541 
2.346700 	 0 	 0.00035808 	 0.00004413 
2.348000 	 0 	 0.00044638 	 0.00007615 
2.348100 	 0 	 0.00036484 	 0.00005117 
2.349500 	 0 	 0.00033365 	 0.00004381 
2.349700 	 0 	 0.00035297 	 0.00008405 
2.350500 	 0 	 0.00037711 	 0.00004789 
2.351200 	 0 	 0.00037973 	 0.00004010 
2.351900 	 0 	 0.00029546 	 0.00013167 
2.352000 	 0 	 0.00048055 	 0.00004374 
2.352800 	 0 	 0.00047391 	 0.00004865 
2.353600 	 0 	 0.00048798 	 0.00004605 
2.353900 	 0 	 0.00049418 	 0.00008818 
2.354100 	 0 	 0.00057168 	 0.00004718 
2.354700 	 0 	 0.00061775 	 0.00004909 
2.355200 	 0 	 0.00076511 	 0.00004986 
2.355700 	 0 	 0.00080156 	 0.00004622 
2.356000 	 0 	 0.00073735 	 0.00008967 
2.356400 	 0 	 0.00107127 	 0.00005165 
2.356900 	 0 	 0.00113677 	 0.00005285 
2.357400 	 0 	 0.00122349 	 0.00005947 
2.358300 	 0 	 0.00125420 	 0.00004923 
2.358800 	 0 	 0.00120626 	 0.00005878 
2.359200 	 0 	 0.00110597 	 0.00005745 
2.360500 	 0 	 0.00110417 	 0.00004214 
2.361000 	 0 	 0.00109327 	 0.00004061 
2.361200 	 0 	 0.00097683 	 0.00007530 
2.361500 	 0 	 0.00107865 	 0.00004102 
2.362000 	 0 	 0.00110313 	 0.00003830 
2.362500 	 0 	 0.00116453 	 0.00003759 
2.362900 	 0 	 0.00116061 	 0.00004242 
2.363400 	 0 	 0.00122880 	 0.00004058 
2.363800 	 0 	 0.00119406 	 0.00005789 
2.364000 	 0 	 0.00133159 	 0.00004743 
2.364400 	 0 	 0.00145164 	 0.00004617 
2.364900 	 0 	 0.00157260 	 0.00004958 
2.365400 	 0 	 0.00167187 	 0.00004886 
2.366000 	 0 	 0.00182998 	 0.00005159 
2.366500 	 0 	 0.00202312 	 0.00005505 
2.366900 	 0 	 0.00209293 	 0.00005413 
2.367400 	 0 	 0.00225110 	 0.00005683 
2.367900 	 0 	 0.00238019 	 0.00005535 
2.368500 	 0 	 0.00254536 	 0.00006468 
2.369300 	 0 	 0.00250642 	 0.00005811 
2.369600 	 0 	 0.00252204 	 0.00005928 
2.369900 	 0 	 0.00243167 	 0.00005958 
2.370600 	 0 	 0.00235788 	 0.00006485 
2.370900 	 0 	 0.00222411 	 0.00005725 
2.371500 	 0 	 0.00205538 	 0.00005601 
2.372000 	 0 	 0.00198553 	 0.00005467 
2.372300 	 0 	 0.00194746 	 0.00006987 
2.372500 	 0 	 0.00181639 	 0.00005133 
2.373000 	 0 	 0.00167388 	 0.00006053 
2.374100 	 0 	 0.00127121 	 0.00004692 
2.375000 	 0 	 0.00104185 	 0.00004106 
2.375900 	 0 	 0.00092297 	 0.00003686 
2.377000 	 0 	 0.00076229 	 0.00004140 
2.377900 	 0 	 0.00069192 	 0.00003586 
2.379900 	 0 	 0.00054848 	 0.00004092 
2.381900 	 0 	 0.00044887 	 0.00003892 
2.384000 	 0 	 0.00041574 	 0.00003799 
2.386000 	 0 	 0.00087050 	 0.00004362 
2.387900 	 0 	 0.00044626 	 0.00003802 
2.389800 	 0 	 0.00040746 	 0.00003806 
2.390100 	 0 	 0.00046604 	 0.00004419 
2.391800 	 0 	 0.00039382 	 0.00003527 
2.393900 	 0 	 0.00048514 	 0.00004448 
2.394800 	 0 	 0.00055120 	 0.00004862 
2.396000 	 0 	 0.00048382 	 0.00004237 
2.398000 	 0 	 0.00059120 	 0.00003835 
2.399800 	 0 	 0.00046554 	 0.00004711 
2.400100 	 0 	 0.00053331 	 0.00003218 
2.401700 	 0 	 0.00041232 	 0.00002611 
2.403500 	 0 	 0.00031188 	 0.00002723 
2.405700 	 0 	 0.00032583 	 0.00002810 
2.407800 	 0 	 0.00035120 	 0.00002701 
2.411700 	 0 	 0.00026082 	 0.00002051 
2.414500 	 0 	 0.00027572 	 0.00001969 
2.414900 	 0 	 0.00027731 	 0.00003310 
2.419500 	 0 	 0.00036789 	 0.00003401 
2.419700 	 0 	 0.00032415 	 0.00002403 
2.423600 	 0 	 0.00046043 	 0.00003925 
2.423800 	 0 	 0.00047158 	 0.00002495 
2.426500 	 0 	 0.00071595 	 0.00002819 
2.427900 	 0 	 0.00076839 	 0.00004703 
2.428600 	 0 	 0.00097900 	 0.00003947 
2.429900 	 0 	 0.00123323 	 0.00003969 
2.430900 	 0 	 0.00128613 	 0.00006061 
2.431900 	 0 	 0.00169139 	 0.00003218 
2.432700 	 0 	 0.00186805 	 0.00006619 
2.433800 	 0 	 0.00333311 	 0.00006020 
2.434900 	 0 	 0.00359103 	 0.00008037 
2.435200 	 0 	 0.00486446 	 0.00007965 
2.436000 	 0 	 0.00491207 	 0.00009565 
2.437000 	 0 	 0.00646566 	 0.00008844 
2.437500 	 0 	 0.00713864 	 0.00008926 
2.438800 	 0 	 0.00799650 	 0.00009168 
2.438900 	 0 	 0.00810441 	 0.00009715 
2.439200 	 0 	 0.00794272 	 0.00009374 
2.439600 	 0 	 0.00758561 	 0.00009002 
2.439800 	 0 	 0.00686391 	 0.00006567 
2.440100 	 0 	 0.00714342 	 0.00009022 
2.441800 	 0 	 0.00435761 	 0.00007142 
2.442000 	 0 	 0.00455975 	 0.00007576 
2.442900 	 0 	 0.00360972 	 0.00006806 
2.443800 	 0 	 0.00259766 	 0.00005361 
2.444000 	 0 	 0.00273666 	 0.00005916 
2.445800 	 0 	 0.00185162 	 0.00005507 
2.447700 	 0 	 0.00127942 	 0.00005163 
2.447900 	 0 	 0.00131383 	 0.00005242 
2.449900 	 0 	 0.00097238 	 0.00004730 
2.451800 	 0 	 0.00076316 	 0.00003350 
2.452200 	 0 	 0.00069541 	 0.00005096 
2.453900 	 0 	 0.00061234 	 0.00004781 
2.458100 	 0 	 0.00056864 	 0.00003570 
2.463800 	 0 	 0.00071392 	 0.00004014 
2.464800 	 0 	 0.00067481 	 0.00004683 
2.465800 	 0 	 0.00087217 	 0.00004523 
2.465900 	 0 	 0.00100429 	 0.00003833 
2.466300 	 0 	 0.00102662 	 0.00006072 
2.466900 	 0 	 0.00120703 	 0.00006211 
2.467400 	 0 	 0.00562566 	 0.00009870 
2.467800 	 0 	 0.00319796 	 0.00006092 
2.468000 	 0 	 0.00432796 	 0.00009481 
2.468400 	 0 	 0.00264246 	 0.00007815 
2.468900 	 0 	 0.00254962 	 0.00007792 
2.469400 	 0 	 0.00290859 	 0.00008363 
2.470600 	 0 	 0.00478407 	 0.00009219 
2.471000 	 0 	 0.00529814 	 0.00010701 
2.471300 	 0 	 0.00567764 	 0.00010535 
2.471800 	 0 	 0.00551370 	 0.00010012 
2.471900 	 0 	 0.00475034 	 0.00008133 
2.472400 	 0 	 0.00461602 	 0.00007882 
2.474800 	 0 	 0.00167550 	 0.00007226 
2.475900 	 0 	 0.00112793 	 0.00005386 
2.476800 	 0 	 0.00099642 	 0.00005416 
2.478900 	 0 	 0.00122581 	 0.00006734 
2.479800 	 0 	 0.00109439 	 0.00006659 
2.479900 	 0 	 0.00104092 	 0.00003317 
2.480900 	 0 	 0.00113471 	 0.00002965 
2.481000 	 0 	 0.00091327 	 0.00006262 
2.481500 	 0 	 0.00105977 	 0.00006649 
2.482400 	 0 	 0.00335369 	 0.00005216 
2.482500 	 0 	 0.00208602 	 0.00007709 
2.482900 	 0 	 0.00694080 	 0.00009791 
2.483000 	 0 	 0.00365116 	 0.00009295 
2.483400 	 0 	 0.00817857 	 0.00013330 
2.483500 	 0 	 0.02984867 	 0.00024586 
2.485500 	 0 	 0.00709698 	 0.00006900 
2.485700 	 0 	 0.00877878 	 0.00013559 
2.486000 	 0 	 0.00457370 	 0.00006235 
2.486400 	 0 	 0.00320739 	 0.00004324 
2.487500 	 0 	 0.00175901 	 0.00003141 
2.487900 	 0 	 0.00148915 	 0.00002973 
2.488000 	 0 	 0.00179961 	 0.00006520 
2.488900 	 0 	 0.00111599 	 0.00006201 
2.489000 	 0 	 0.00103385 	 0.00003018 
2.489800 	 0 	 0.00088187 	 0.00005451 
2.489900 	 0 	 0.00073081 	 0.00002305 
2.490900 	 0 	 0.00055909 	 0.00002304 
2.491100 	 0 	 0.00052855 	 0.00004458 
2.492800 	 0 	 0.00042883 	 0.00002401 
2.493000 	 0 	 0.00045008 	 0.00004422 
2.493900 	 0 	 0.00039432 	 0.00004339 
2.494800 	 0 	 0.00038919 	 0.00003322 
2.494900 	 0 	 0.00033209 	 0.00002069 
2.496100 	 0 	 0.00034962 	 0.00003567 
2.496800 	 0 	 0.00033576 	 0.00003781 
2.496900 	 0 	 0.00029054 	 0.00002023 
2.497900 	 0 	 0.00032876 	 0.00004019 
2.498900 	 0 	 0.00031101 	 0.00003359 
2.499300 	 0 	 0.00030346 	 0.00001836 
2.500000 	 0 	 0.00037145 	 0.00004800 
2.500900 	 0 	 0.00031556 	 0.00004942 
2.501900 	 0 	 0.00030295 	 0.00003690 
2.502900 	 0 	 0.00034103 	 0.00003275 
2.503700 	 0 	 0.00038964 	 0.00003547 
2.504900 	 0 	 0.00036374 	 0.00008300 
2.506000 	 0 	 0.00036184 	 0.00004959 
2.506700 	 0 	 0.00027805 	 0.00004585 
2.507900 	 0 	 0.00037266 	 0.00004383 
2.509000 	 0 	 0.00032197 	 0.00003695 
2.510300 	 0 	 0.00034863 	 0.00006480 
2.510700 	 0 	 0.00037015 	 0.00004195 
2.513000 	 0 	 0.00744243 	 0.00013202 
2.515000 	 0 	 0.00055845 	 0.00005951 
2.516400 	 0 	 0.00036470 	 0.00004373 
2.518600 	 0 	 0.00046772 	 0.00004785 
2.520800 	 0 	 0.00043661 	 0.00003954 
2.522900 	 0 	 0.00042660 	 0.00005187 
2.525000 	 0 	 0.00044155 	 0.00004761 
2.527000 	 0 	 0.00045053 	 0.00004524 
2.528900 	 0 	 0.00039121 	 0.00003961 
2.530900 	 0 	 0.00038445 	 0.00006048 
2.533000 	 0 	 0.00041196 	 0.00004732 
2.535000 	 0 	 0.00054588 	 0.00004842 
2.536800 	 0 	 0.00049172 	 0.00004494 
2.539300 	 0 	 0.00053686 	 0.00004897 
2.540800 	 0 	 0.00052558 	 0.00005433 
2.542800 	 0 	 0.00055942 	 0.00005811 
2.544800 	 0 	 0.00062984 	 0.00005180 
2.547000 	 0 	 0.00075793 	 0.00005198 
2.549000 	 0 	 0.00070686 	 0.00004885 
2.550900 	 0 	 0.00104152 	 0.00005823 
2.552900 	 0 	 0.00122863 	 0.00005086 
2.555000 	 0 	 0.00131360 	 0.00007051 
2.556900 	 0 	 0.00156208 	 0.00007197 
2.559000 	 0 	 0.00209120 	 0.00007981 
2.560900 	 0 	 0.00271056 	 0.00007310 
2.563000 	 0 	 0.00403177 	 0.00011427 
2.564900 	 0 	 0.00653886 	 0.00010821 
2.566900 	 0 	 0.01021865 	 0.00012110 
2.569000 	 0 	 0.01266238 	 0.00012820 
2.570900 	 0 	 0.01039141 	 0.00012825 
2.573000 	 0 	 0.00750614 	 0.00010587 
2.574900 	 0 	 0.00585843 	 0.00008990 
2.576800 	 0 	 0.00496748 	 0.00009069 
2.578900 	 0 	 0.00447089 	 0.00008429 
2.580800 	 0 	 0.00403982 	 0.00008662 
2.583000 	 0 	 0.00372616 	 0.00008019 
2.585000 	 0 	 0.00358003 	 0.00008350 
2.586800 	 0 	 0.00326860 	 0.00007965 
2.589000 	 0 	 0.00302875 	 0.00007679 
2.590800 	 0 	 0.00282516 	 0.00007532 
2.593000 	 0 	 0.00277419 	 0.00007874 
2.595000 	 0 	 0.00263240 	 0.00007344 
2.596800 	 0 	 0.00248069 	 0.00006773 
2.597800 	 0 	 0.00249719 	 0.00007656 
2.599100 	 0 	 0.00288679 	 0.00007656 
2.600000 	 0 	 0.00510737 	 0.00009240 
2.602100 	 0 	 0.00498238 	 0.00009397 
2.603700 	 0 	 0.00241948 	 0.00006990 
2.605800 	 0 	 0.00177554 	 0.00006360 
2.608000 	 0 	 0.00141467 	 0.00006371 
2.609900 	 0 	 0.00169875 	 0.00006354 
2.614500 	 0 	 0.00113191 	 0.00005822 
2.620000 	 0 	 0.00101584 	 0.00005657 
2.624400 	 0 	 0.00095960 	 0.00005670 
2.629400 	 0 	 0.00098573 	 0.00006354 
2.635000 	 0 	 0.00099699 	 0.00005836 
2.639600 	 0 	 0.00107846 	 0.00005748 
2.644900 	 0 	 0.00120207 	 0.00006138 
2.649400 	 0 	 0.00149394 	 0.00006489 
2.651900 	 0 	 0.00181896 	 0.00006406 
2.653900 	 0 	 0.00204867 	 0.00007164 
2.655700 	 0 	 0.00245078 	 0.00007511 
2.657600 	 0 	 0.00286106 	 0.00006435 
2.659800 	 0 	 0.00378036 	 0.00007507 
2.661700 	 0 	 0.00452353 	 0.00008104 
2.663900 	 0 	 0.00570292 	 0.00011293 
2.666200 	 0 	 0.00660489 	 0.00010647 
2.668000 	 0 	 0.00667937 	 0.00010304 
2.670200 	 0 	 0.00603370 	 0.00008081 
2.671600 	 0 	 0.00560214 	 0.00007828 
2.673800 	 0 	 0.00509357 	 0.00007655 
2.675700 	 0 	 0.00377335 	 0.00007711 
2.677900 	 0 	 0.00297271 	 0.00007780 
2.684700 	 0 	 0.00200577 	 0.00005697 
2.689600 	 0 	 0.00179119 	 0.00005770 
2.694700 	 0 	 0.00191666 	 0.00005334 
2.697900 	 0 	 0.00179408 	 0.00007132 
2.699900 	 0 	 0.00218929 	 0.00005912 
2.702900 	 0 	 0.00248145 	 0.00008049 
2.703900 	 0 	 0.00297420 	 0.00007249 
2.705000 	 0 	 0.00317352 	 0.00009292 
2.705900 	 0 	 0.00394322 	 0.00010488 
2.706500 	 0 	 0.00488698 	 0.00011872 
2.707000 	 0 	 0.00624438 	 0.00013976 
2.707400 	 0 	 0.00858766 	 0.00011325 
2.707600 	 0 	 0.00904112 	 0.00015338 
2.707900 	 0 	 0.01201919 	 0.00017511 
2.708500 	 0 	 0.02834234 	 0.00027819 
2.708700 	 0 	 0.03349505 	 0.00028676 
2.709300 	 0 	 0.03878704 	 0.00034169 
2.709500 	 0 	 0.03555235 	 0.00034748 
2.709600 	 0 	 0.03461669 	 0.00038900 
2.709900 	 0 	 0.02815051 	 0.00019895 
2.710000 	 0 	 0.02465174 	 0.00030258 
2.710500 	 0 	 0.01823934 	 0.00021108 
2.711000 	 0 	 0.01348044 	 0.00021719 
2.711400 	 0 	 0.01101451 	 0.00018778 
2.712400 	 0 	 0.00810717 	 0.00020571 
2.713000 	 0 	 0.00731022 	 0.00015163 
2.713500 	 0 	 0.00692464 	 0.00016073 
2.714500 	 0 	 0.00640386 	 0.00014222 
2.714800 	 0 	 0.00658089 	 0.00013979 
2.715600 	 0 	 0.00619753 	 0.00016619 
2.716000 	 0 	 0.00657032 	 0.00013286 
2.716100 	 0 	 0.00638859 	 0.00016418 
2.716500 	 0 	 0.00602455 	 0.00020426 
2.717000 	 0 	 0.00646499 	 0.00019972 
2.717400 	 0 	 0.00670272 	 0.00018411 
2.718500 	 0 	 0.00649285 	 0.00020248 
2.719500 	 0 	 0.00675623 	 0.00022240 
2.719700 	 0 	 0.00744352 	 0.00015045 
2.719900 	 0 	 0.00704879 	 0.00023505 
2.720100 	 0 	 0.00768397 	 0.00017804 
2.720300 	 0 	 0.00776673 	 0.00016696 
2.721000 	 0 	 0.00927129 	 0.00019151 
2.723000 	 0 	 0.00962926 	 0.00017907 
2.723800 	 0 	 0.00889126 	 0.00013433 
2.724000 	 0 	 0.00832104 	 0.00016562 
2.725000 	 0 	 0.00810455 	 0.00012361 
2.726000 	 0 	 0.00764052 	 0.00017231 
2.726900 	 0 	 0.00743539 	 0.00014648 
2.727700 	 0 	 0.00779034 	 0.00014514 
2.728000 	 0 	 0.00741938 	 0.00018073 
2.729000 	 0 	 0.00751010 	 0.00019460 
2.730100 	 0 	 0.00766669 	 0.00016899 
2.731000 	 0 	 0.00814281 	 0.00013317 
2.731500 	 0 	 0.00836552 	 0.00017372 
2.731800 	 0 	 0.00894046 	 0.00015607 
2.731900 	 0 	 0.00881924 	 0.00019146 
2.732000 	 0 	 0.00915746 	 0.00019042 
2.732500 	 0 	 0.00979359 	 0.00022483 
2.732900 	 0 	 0.01084282 	 0.00021641 
2.733500 	 0 	 0.01284169 	 0.00026449 
2.733900 	 0 	 0.01476467 	 0.00021948 
2.734100 	 0 	 0.01631117 	 0.00024450 
2.734200 	 0 	 0.01729899 	 0.00024839 
2.734400 	 0 	 0.01855747 	 0.00030431 
2.734700 	 0 	 0.02625444 	 0.00028544 
2.734800 	 0 	 0.02584642 	 0.00020764 
2.734900 	 0 	 0.02547320 	 0.00032056 
2.735000 	 0 	 0.02227837 	 0.00034313 
2.735300 	 0 	 0.02859368 	 0.00033925 
2.735400 	 0 	 0.04121699 	 0.00042085 
2.735500 	 0 	 0.03331976 	 0.00035765 
2.735800 	 0 	 0.04260940 	 0.00044164 
2.735900 	 0 	 0.06610866 	 0.00051999 
2.736000 	 0 	 0.05404086 	 0.00039468 
2.736200 	 0 	 0.06860349 	 0.00056953 
2.736400 	 0 	 0.09877778 	 0.00071187 
2.736500 	 0 	 0.08788992 	 0.00072256 
2.736700 	 0 	 0.10119793 	 0.00020769 
2.738000 	 0 	 0.04375977 	 0.00019393 
2.738300 	 0 	 0.03302931 	 0.00017391 
2.738400 	 0 	 0.03745147 	 0.00028021 
2.739100 	 0 	 0.01744445 	 0.00013570 
2.739500 	 0 	 0.01480335 	 0.00010829 
2.739800 	 0 	 0.01460084 	 0.00014705 
2.740000 	 0 	 0.01383710 	 0.00011438 
2.740300 	 0 	 0.01138540 	 0.00016708 
2.740700 	 0 	 0.00969345 	 0.00011809 
2.740800 	 0 	 0.00931633 	 0.00016324 
2.741200 	 0 	 0.00829762 	 0.00010520 
2.741400 	 0 	 0.00801872 	 0.00010908 
2.741700 	 0 	 0.00774708 	 0.00009913 
2.741900 	 0 	 0.00708916 	 0.00012271 
2.742000 	 0 	 0.00764085 	 0.00009176 
2.742300 	 0 	 0.00648253 	 0.00011201 
2.742800 	 0 	 0.00585522 	 0.00009492 
2.742900 	 0 	 0.00625545 	 0.00008166 
2.743200 	 0 	 0.00549210 	 0.00006739 
2.743800 	 0 	 0.00549272 	 0.00007705 
2.745300 	 0 	 0.00450224 	 0.00011136 
2.745600 	 0 	 0.00454781 	 0.00010467 
2.745900 	 0 	 0.00457434 	 0.00008262 
2.746000 	 0 	 0.00463388 	 0.00007741 
2.747800 	 0 	 0.00452515 	 0.00007489 
2.748000 	 0 	 0.00423263 	 0.00011766 
2.751500 	 0 	 0.00436645 	 0.00011196 
2.752000 	 0 	 0.00465303 	 0.00008786 
2.755700 	 0 	 0.00467444 	 0.00012706 
2.757800 	 0 	 0.00503925 	 0.00007371 
2.757900 	 0 	 0.00470095 	 0.00011107 
2.758500 	 0 	 0.00460396 	 0.00011215 
2.758900 	 0 	 0.00470564 	 0.00012626 
2.759300 	 0 	 0.00466910 	 0.00008337 
2.760400 	 0 	 0.00448078 	 0.00010390 
2.760900 	 0 	 0.00437904 	 0.00012281 
2.761400 	 0 	 0.00435852 	 0.00009435 
2.761800 	 0 	 0.00462888 	 0.00007336 
2.761900 	 0 	 0.00432578 	 0.00011432 
2.762900 	 0 	 0.00380035 	 0.00012923 
2.763800 	 0 	 0.00415253 	 0.00007710 
2.764000 	 0 	 0.00365405 	 0.00011502 
2.765800 	 0 	 0.00342180 	 0.00009930 
2.765900 	 0 	 0.00379787 	 0.00007499 
2.767700 	 0 	 0.00333144 	 0.00007027 
2.769600 	 0 	 0.00274268 	 0.00005646 
2.769900 	 0 	 0.00286144 	 0.00007222 
2.771900 	 0 	 0.00261885 	 0.00006864 
2.774500 	 0 	 0.00176749 	 0.00010035 
2.775900 	 0 	 0.00202501 	 0.00007217 
2.779700 	 0 	 0.00161739 	 0.00007369 
2.783800 	 0 	 0.00143616 	 0.00006393 
2.787800 	 0 	 0.00130328 	 0.00007600 
2.790100 	 0 	 0.00099335 	 0.00006965 
2.791800 	 0 	 0.00112056 	 0.00006960 
2.795900 	 0 	 0.00105127 	 0.00007829 
2.799200 	 0 	 0.00153203 	 0.00006770 
2.799700 	 0 	 0.00134320 	 0.00010205 
2.802600 	 0 	 0.00408983 	 0.00007130 
2.803500 	 0 	 0.00649223 	 0.00014013 
2.803600 	 0 	 0.00403039 	 0.00013444 
2.804500 	 0 	 0.00910145 	 0.00011514 
2.804800 	 0 	 0.01423445 	 0.00020257 
2.805100 	 0 	 0.01775482 	 0.00022729 
2.805300 	 0 	 0.02001030 	 0.00023824 
2.806100 	 0 	 0.02744103 	 0.00026628 
2.806200 	 0 	 0.02753494 	 0.00027216 
2.806500 	 0 	 0.02630200 	 0.00027261 
2.807100 	 0 	 0.01937955 	 0.00024117 
2.807600 	 0 	 0.01426659 	 0.00019621 
2.807700 	 0 	 0.00992924 	 0.00012403 
2.808000 	 0 	 0.01044988 	 0.00018515 
2.808500 	 0 	 0.00807532 	 0.00016513 
2.809000 	 0 	 0.00639794 	 0.00015462 
2.811600 	 0 	 0.00271088 	 0.00007651 
2.813900 	 0 	 0.00155366 	 0.00007016 
2.815900 	 0 	 0.00118718 	 0.00006849 
2.818000 	 0 	 0.00109130 	 0.00006535 
2.819600 	 0 	 0.00095631 	 0.00006792 
2.821800 	 0 	 0.00085499 	 0.00006977 
2.824200 	 0 	 0.00083423 	 0.00005567 
2.826400 	 0 	 0.00061020 	 0.00005944 
2.829400 	 0 	 0.00072703 	 0.00006316 
2.832000 	 0 	 0.00072968 	 0.00004984 
2.834600 	 0 	 0.00062208 	 0.00007105 
2.837300 	 0 	 0.00073235 	 0.00008754 
2.839600 	 0 	 0.00248258 	 0.00007999 
2.839900 	 0 	 0.00139883 	 0.00007438 
2.840400 	 0 	 0.00270918 	 0.00009069 
2.840700 	 0 	 0.00687515 	 0.00016101 
2.841000 	 0 	 0.01383647 	 0.00021163 
2.841300 	 0 	 0.01349886 	 0.00022240 
2.841600 	 0 	 0.01047523 	 0.00020756 
2.841800 	 0 	 0.00705499 	 0.00017923 
2.841900 	 0 	 0.00291376 	 0.00007900 
2.843400 	 0 	 0.00097037 	 0.00006773 
2.846400 	 0 	 0.00093212 	 0.00007961 
2.851500 	 0 	 0.00073023 	 0.00006354 
2.853700 	 0 	 0.00074423 	 0.00007424 
2.855700 	 0 	 0.00082771 	 0.00005488 
2.858000 	 0 	 0.00086147 	 0.00006777 
2.858500 	 0 	 0.00072093 	 0.00008402 
2.859000 	 0 	 0.00091584 	 0.00006763 
2.859400 	 0 	 0.00085544 	 0.00012210 
2.859500 	 0 	 0.00103895 	 0.00006904 
2.861800 	 0 	 0.00155852 	 0.00003771 
2.865900 	 0 	 0.00162201 	 0.00012678 
2.867500 	 0 	 0.00202849 	 0.00010453 
2.869000 	 0 	 0.00301436 	 0.00012881 
2.869800 	 0 	 0.00741296 	 0.00013525 
2.869900 	 0 	 0.00544689 	 0.00015251 
2.870400 	 0 	 0.00496549 	 0.00017268 
2.870800 	 0 	 0.01136447 	 0.00033455 
2.871000 	 0 	 0.00921311 	 0.00015195 
2.871100 	 0 	 0.00699385 	 0.00018264 
2.871600 	 0 	 0.00872435 	 0.00018787 
2.872000 	 0 	 0.01014088 	 0.00022976 
2.872200 	 0 	 0.01095602 	 0.00022434 
2.872500 	 0 	 0.01109332 	 0.00024883 
2.872800 	 0 	 0.01045626 	 0.00028975 
2.872900 	 0 	 0.00924020 	 0.00045642 
2.873000 	 0 	 0.01099682 	 0.00020811 
2.873200 	 0 	 0.01030744 	 0.00024146 
2.873400 	 0 	 0.00992043 	 0.00023531 
2.873900 	 0 	 0.00702938 	 0.00016065 
2.874000 	 0 	 0.00756636 	 0.00024280 
2.874100 	 0 	 0.00669054 	 0.00025821 
2.874800 	 0 	 0.00562802 	 0.00037213 
2.874900 	 0 	 0.00629823 	 0.00023072 
2.875800 	 0 	 0.00477435 	 0.00010411 
2.875900 	 0 	 0.00578180 	 0.00029342 
2.876000 	 0 	 0.00535738 	 0.00007809 
2.876800 	 0 	 0.00573871 	 0.00037147 
2.877000 	 0 	 0.00425948 	 0.00011089 
2.878800 	 0 	 0.00565331 	 0.00025073 
2.880000 	 0 	 0.00574498 	 0.00011682 
2.880800 	 0 	 0.00265522 	 0.00014770 
2.881000 	 0 	 0.00395185 	 0.00027097 
2.884900 	 0 	 0.00193405 	 0.00013585 
2.888800 	 0 	 0.00220578 	 0.00009376 
2.892700 	 0 	 0.00182282 	 0.00013183 
2.896700 	 0 	 0.00163826 	 0.00019529 
2.900800 	 0 	 0.00179963 	 0.00023162 
2.904400 	 0 	 0.00555799 	 0.00013288 
2.904800 	 0 	 0.00951379 	 0.00018458 
2.905800 	 0 	 0.04865019 	 0.00071140 
2.906400 	 0 	 0.04145384 	 0.00065807 
2.906800 	 0 	 0.07689849 	 0.00069216 
2.907100 	 0 	 0.04779605 	 0.00074665 
2.907400 	 0 	 0.02002271 	 0.00033129 
2.907900 	 0 	 0.01236948 	 0.00016262 
2.908500 	 0 	 0.00941566 	 0.00018110 
2.909000 	 0 	 0.00707605 	 0.00011205 
2.909500 	 0 	 0.00565764 	 0.00010265 
2.910000 	 0 	 0.00476176 	 0.00009673 
2.910300 	 0 	 0.00422259 	 0.00009179 
2.911500 	 0 	 0.00329501 	 0.00007942 
2.912500 	 0 	 0.00276755 	 0.00008297 
2.913400 	 0 	 0.00254970 	 0.00007218 
2.913900 	 0 	 0.00261784 	 0.00007023 
2.914500 	 0 	 0.00410212 	 0.00010974 
2.915000 	 0 	 0.01011563 	 0.00016561 
2.915400 	 0 	 0.03686399 	 0.00038712 
2.915500 	 0 	 0.04079064 	 0.00033914 
2.915700 	 0 	 0.03367641 	 0.00043813 
2.915800 	 0 	 0.02321654 	 0.00031257 
2.916000 	 0 	 0.01367155 	 0.00022231 
2.916500 	 0 	 0.00645077 	 0.00011752 
2.916900 	 0 	 0.00522715 	 0.00009658 
2.917500 	 0 	 0.00327596 	 0.00005210 
2.917900 	 0 	 0.00261751 	 0.00007101 
2.918400 	 0 	 0.00233435 	 0.00004619 
2.918900 	 0 	 0.00207051 	 0.00004572 
2.919500 	 0 	 0.00188090 	 0.00004058 
2.919900 	 0 	 0.00175253 	 0.00004575 
2.920400 	 0 	 0.00161917 	 0.00004336 
2.920800 	 0 	 0.00162495 	 0.00004704 
2.921400 	 0 	 0.00154436 	 0.00004251 
2.921900 	 0 	 0.00155537 	 0.00004680 
2.922500 	 0 	 0.00148123 	 0.00004536 
2.923000 	 0 	 0.00143445 	 0.00005280 
2.923500 	 0 	 0.00144917 	 0.00005144 
2.925800 	 0 	 0.00138723 	 0.00004639 
2.929800 	 0 	 0.00145037 	 0.00005191 
2.939700 	 0 	 0.00205815 	 0.00005320 
2.950100 	 0 	 0.00417218 	 0.00007268 
2.959700 	 0 	 0.00434468 	 0.00007581 
2.969800 	 0 	 0.00327417 	 0.00006189 
2.970700 	 0 	 0.00381186 	 0.00018139 
2.979800 	 0 	 0.00345281 	 0.00007205 
2.980200 	 0 	 0.00374329 	 0.00014688 
2.989700 	 0 	 0.00464205 	 0.00008105 
2.990900 	 0 	 0.00558813 	 0.00017009 
2.994900 	 0 	 0.00696794 	 0.00019998 
2.998400 	 0 	 0.00798058 	 0.00018649 
2.998900 	 0 	 0.00899610 	 0.00024979 
3.001400 	 0 	 0.01100577 	 0.00017497 
3.002500 	 0 	 0.01204453 	 0.00019909 
3.003400 	 0 	 0.01300215 	 0.00027420 
3.003500 	 0 	 0.01307001 	 0.00017214 
3.004300 	 0 	 0.01401323 	 0.00029379 
3.005500 	 0 	 0.01569606 	 0.00018494 
3.006400 	 0 	 0.01691644 	 0.00019730 
3.007500 	 0 	 0.01899769 	 0.00019352 
3.007600 	 0 	 0.01916962 	 0.00023285 
3.008400 	 0 	 0.02140717 	 0.00021547 
3.009500 	 0 	 0.02622826 	 0.00021213 
3.009600 	 0 	 0.02602997 	 0.00026890 
3.010500 	 0 	 0.03120516 	 0.00024954 
3.010800 	 0 	 0.03237991 	 0.00033210 
3.011200 	 0 	 0.03500803 	 0.00033819 
3.011600 	 0 	 0.03754122 	 0.00036059 
3.011800 	 0 	 0.04013052 	 0.00032449 
3.012000 	 0 	 0.04193522 	 0.00037238 
3.012200 	 0 	 0.04273065 	 0.00032444 
3.012500 	 0 	 0.04393774 	 0.00036704 
3.013000 	 0 	 0.04410591 	 0.00035552 
3.013400 	 0 	 0.04261952 	 0.00035063 
3.013900 	 0 	 0.03859623 	 0.00032525 
3.014400 	 0 	 0.02986535 	 0.00034008 
3.014500 	 0 	 0.03317474 	 0.00035114 
3.015000 	 0 	 0.02828880 	 0.00025571 
3.015600 	 0 	 0.02461070 	 0.00023112 
3.016000 	 0 	 0.02192095 	 0.00024903 
3.016500 	 0 	 0.01914714 	 0.00019836 
3.017000 	 0 	 0.01740579 	 0.00016965 
3.017600 	 0 	 0.01550865 	 0.00017453 
3.018100 	 0 	 0.01410284 	 0.00022140 
3.019500 	 0 	 0.01128732 	 0.00022016 
3.021700 	 0 	 0.00914888 	 0.00020171 
3.022500 	 0 	 0.00880188 	 0.00015184 
3.025400 	 0 	 0.00764504 	 0.00017980 
3.026300 	 0 	 0.00763180 	 0.00017163 
3.029400 	 0 	 0.00722721 	 0.00016959 
3.030300 	 0 	 0.00763509 	 0.00015605 
3.031500 	 0 	 0.00776545 	 0.00013642 
3.032400 	 0 	 0.00895698 	 0.00016770 
3.032500 	 0 	 0.00826247 	 0.00019370 
3.033100 	 0 	 0.00978396 	 0.00019584 
3.033700 	 0 	 0.02068361 	 0.00023420 
3.033800 	 0 	 0.01616653 	 0.00017066 
3.034200 	 0 	 0.03045786 	 0.00022318 
3.034300 	 0 	 0.04183407 	 0.00039608 
3.034400 	 0 	 0.04652859 	 0.00023558 
3.034500 	 0 	 0.05670104 	 0.00046418 
3.034900 	 0 	 0.02965206 	 0.00024343 
3.035400 	 0 	 0.02424241 	 0.00029951 
3.036500 	 0 	 0.01252378 	 0.00022174 
3.037500 	 0 	 0.01077130 	 0.00022174 
3.038500 	 0 	 0.01065841 	 0.00021874 
3.038800 	 0 	 0.01076643 	 0.00015370 
3.039500 	 0 	 0.01077687 	 0.00017004 
3.041500 	 0 	 0.01087941 	 0.00019961 
3.043000 	 0 	 0.01076913 	 0.00015890 
3.045400 	 0 	 0.00962597 	 0.00020745 
3.047000 	 0 	 0.00862785 	 0.00016614 
3.048900 	 0 	 0.00752460 	 0.00015221 
3.049500 	 0 	 0.00722942 	 0.00018234 
3.052900 	 0 	 0.00641123 	 0.00014698 
3.053500 	 0 	 0.00609954 	 0.00016998 
3.056900 	 0 	 0.00669352 	 0.00016343 
3.057500 	 0 	 0.00631374 	 0.00017771 
3.059500 	 0 	 0.00705205 	 0.00017644 
3.060000 	 0 	 0.00751938 	 0.00019900 
3.060500 	 0 	 0.00744833 	 0.00021507 
3.060800 	 0 	 0.00806817 	 0.00020050 
3.060900 	 0 	 0.00870082 	 0.00014451 
3.061000 	 0 	 0.00789630 	 0.00021880 
3.061300 	 0 	 0.00841815 	 0.00022425 
3.061500 	 0 	 0.00852811 	 0.00022375 
3.061800 	 0 	 0.00861041 	 0.00022119 
3.062100 	 0 	 0.00880560 	 0.00020139 
3.062300 	 0 	 0.00901017 	 0.00021846 
3.062600 	 0 	 0.00901638 	 0.00023541 
3.062700 	 0 	 0.00927918 	 0.00023462 
3.062900 	 0 	 0.00953461 	 0.00015132 
3.063000 	 0 	 0.00961084 	 0.00013347 
3.063200 	 0 	 0.00957530 	 0.00012783 
3.063500 	 0 	 0.00964257 	 0.00013624 
3.063700 	 0 	 0.00956188 	 0.00014231 
3.063900 	 0 	 0.00899691 	 0.00017219 
3.064000 	 0 	 0.00906393 	 0.00015445 
3.064300 	 0 	 0.00884839 	 0.00012962 
3.064800 	 0 	 0.00861056 	 0.00013331 
3.064900 	 0 	 0.00807648 	 0.00018586 
3.065000 	 0 	 0.00842575 	 0.00013294 
3.065300 	 0 	 0.00800670 	 0.00012965 
3.065500 	 0 	 0.00764917 	 0.00012732 
3.065700 	 0 	 0.00748434 	 0.00014684 
3.066100 	 0 	 0.00721258 	 0.00011847 
3.066600 	 0 	 0.00716905 	 0.00013183 
3.067100 	 0 	 0.00681409 	 0.00012864 
3.067400 	 0 	 0.00687658 	 0.00013814 
3.068600 	 0 	 0.00709779 	 0.00014009 
3.069500 	 0 	 0.00791405 	 0.00013678 
3.071000 	 0 	 0.01492845 	 0.00021035 
3.071600 	 0 	 0.01863205 	 0.00019755 
3.071900 	 0 	 0.04181044 	 0.00054280 
3.072300 	 0 	 0.04424167 	 0.00028710 
3.072400 	 0 	 0.09822777 	 0.00091833 
3.072800 	 0 	 0.10289793 	 0.00040348 
3.072900 	 0 	 0.09261567 	 0.00051598 
3.073300 	 0 	 0.08464085 	 0.00041893 
3.073400 	 0 	 0.06704793 	 0.00050417 
3.073500 	 0 	 0.06674210 	 0.00035284 
3.073700 	 0 	 0.04971696 	 0.00042975 
3.073800 	 0 	 0.04469967 	 0.00031768 
3.074500 	 0 	 0.02122512 	 0.00026052 
3.074600 	 0 	 0.02135448 	 0.00021741 
3.075400 	 0 	 0.01401938 	 0.00019088 
3.076500 	 0 	 0.01093659 	 0.00018226 
3.077500 	 0 	 0.00979091 	 0.00014496 
3.077800 	 0 	 0.00935698 	 0.00017547 
3.079500 	 0 	 0.00871856 	 0.00021095 
3.081500 	 0 	 0.00859290 	 0.00016505 
3.081900 	 0 	 0.00846877 	 0.00020807 
3.082400 	 0 	 0.00855515 	 0.00015706 
3.083100 	 0 	 0.00846416 	 0.00016405 
3.084600 	 0 	 0.00838867 	 0.00016020 
3.085500 	 0 	 0.00837538 	 0.00017842 
3.085800 	 0 	 0.00815997 	 0.00015096 
3.087500 	 0 	 0.00836512 	 0.00015305 
3.088500 	 0 	 0.00834227 	 0.00014647 
3.089500 	 0 	 0.00866227 	 0.00014966 
3.089600 	 0 	 0.00845800 	 0.00014279 
3.090500 	 0 	 0.00876489 	 0.00014754 
3.091500 	 0 	 0.00902463 	 0.00016985 
3.092500 	 0 	 0.00907708 	 0.00015597 
3.093600 	 0 	 0.00921906 	 0.00016501 
3.093700 	 0 	 0.00913262 	 0.00015039 
3.094600 	 0 	 0.00925713 	 0.00016550 
3.095500 	 0 	 0.00934842 	 0.00020562 
3.097500 	 0 	 0.00970019 	 0.00016595 
3.097800 	 0 	 0.00995823 	 0.00016592 
3.099000 	 0 	 0.01116638 	 0.00014684 
3.099100 	 0 	 0.01073363 	 0.00020901 
3.099400 	 0 	 0.01136877 	 0.00016554 
3.099500 	 0 	 0.01236264 	 0.00015241 
3.100000 	 0 	 0.01413202 	 0.00020722 
3.100100 	 0 	 0.01367495 	 0.00020292 
3.100500 	 0 	 0.02075094 	 0.00040383 
3.100700 	 0 	 0.02449274 	 0.00024003 
3.100800 	 0 	 0.01824932 	 0.00021622 
3.101000 	 0 	 0.02026169 	 0.00025468 
3.101200 	 0 	 0.02595766 	 0.00024148 
3.101600 	 0 	 0.03820019 	 0.00031651 
3.101800 	 0 	 0.04546447 	 0.00033985 
3.102000 	 0 	 0.04788241 	 0.00035155 
3.102200 	 0 	 0.04571745 	 0.00036725 
3.102500 	 0 	 0.03822555 	 0.00034615 
3.103000 	 0 	 0.02523975 	 0.00025058 
3.103500 	 0 	 0.01795062 	 0.00022283 
3.104000 	 0 	 0.01480385 	 0.00020867 
3.104600 	 0 	 0.01310986 	 0.00016629 
3.105400 	 0 	 0.01165750 	 0.00017964 
3.106100 	 0 	 0.01128823 	 0.00019380 
3.106600 	 0 	 0.01101385 	 0.00019737 
3.107000 	 0 	 0.01066281 	 0.00020056 
3.107300 	 0 	 0.01051215 	 0.00020390 
3.108800 	 0 	 0.01084035 	 0.00017647 
3.111500 	 0 	 0.01116135 	 0.00021806 
3.112800 	 0 	 0.01156280 	 0.00017729 
3.115100 	 0 	 0.01225445 	 0.00021818 
3.116700 	 0 	 0.01271687 	 0.00018789 
3.119500 	 0 	 0.01365712 	 0.00022581 
3.120700 	 0 	 0.01364528 	 0.00016701 
3.123500 	 0 	 0.01426243 	 0.00022721 
3.124700 	 0 	 0.01375094 	 0.00020259 
3.127400 	 0 	 0.01350962 	 0.00019112 
3.128800 	 0 	 0.01292129 	 0.00018525 
3.132700 	 0 	 0.01150443 	 0.00024137 
3.134400 	 0 	 0.01169691 	 0.00016267 
3.136800 	 0 	 0.01036150 	 0.00018221 
3.138400 	 0 	 0.01054976 	 0.00016331 
3.140900 	 0 	 0.00878608 	 0.00017240 
3.142200 	 0 	 0.00922187 	 0.00015283 
3.142800 	 0 	 0.00844507 	 0.00014544 
3.146800 	 0 	 0.00742097 	 0.00016824 
3.147100 	 0 	 0.00735644 	 0.00018024 
3.150900 	 0 	 0.00669474 	 0.00016909 
3.151500 	 0 	 0.00670157 	 0.00016759 
3.152900 	 0 	 0.00646811 	 0.00016171 
3.155100 	 0 	 0.00614683 	 0.00017893 
3.156100 	 0 	 0.00625431 	 0.00021666 
3.156500 	 0 	 0.00649721 	 0.00014305 
3.157000 	 0 	 0.00626991 	 0.00010904 
3.157300 	 0 	 0.00627164 	 0.00015419 
3.157900 	 0 	 0.00650800 	 0.00012076 
3.158200 	 0 	 0.00689367 	 0.00022515 
3.158400 	 0 	 0.00681775 	 0.00015340 
3.159000 	 0 	 0.00774959 	 0.00023267 
3.159200 	 0 	 0.00853302 	 0.00022862 
3.159300 	 0 	 0.00851877 	 0.00019750 
3.159600 	 0 	 0.01595842 	 0.00029710 
3.159800 	 0 	 0.03128065 	 0.00037201 
3.160400 	 0 	 0.02342060 	 0.00023085 
3.160800 	 0 	 0.02488954 	 0.00033950 
3.161200 	 0 	 0.00947411 	 0.00011232 
3.161800 	 0 	 0.00863130 	 0.00024188 
3.162000 	 0 	 0.00801028 	 0.00014622 
3.162700 	 0 	 0.00755401 	 0.00012999 
3.163000 	 0 	 0.00736609 	 0.00018927 
3.163400 	 0 	 0.00729606 	 0.00010923 
3.163700 	 0 	 0.00730997 	 0.00022417 
3.164800 	 0 	 0.00736624 	 0.00010442 
3.164900 	 0 	 0.00718690 	 0.00022414 
3.165900 	 0 	 0.00756702 	 0.00022951 
3.166100 	 0 	 0.00762461 	 0.00014906 
3.168100 	 0 	 0.00868735 	 0.00023673 
3.168400 	 0 	 0.00916894 	 0.00014837 
3.169000 	 0 	 0.00943846 	 0.00024390 
3.169900 	 0 	 0.01092279 	 0.00016850 
3.170000 	 0 	 0.01099231 	 0.00025961 
3.171000 	 0 	 0.01227302 	 0.00026314 
3.172000 	 0 	 0.01446328 	 0.00028387 
3.172300 	 0 	 0.01552961 	 0.00021995 
3.172900 	 0 	 0.01727477 	 0.00030605 
3.173300 	 0 	 0.01878709 	 0.00018447 
3.174100 	 0 	 0.02109015 	 0.00032631 
3.174300 	 0 	 0.02254129 	 0.00025286 
3.174600 	 0 	 0.02318002 	 0.00033677 
3.175100 	 0 	 0.02500798 	 0.00034587 
3.175900 	 0 	 0.02827936 	 0.00037018 
3.176800 	 0 	 0.02629501 	 0.00024385 
3.177100 	 0 	 0.03040564 	 0.00038368 
3.177800 	 0 	 0.02955677 	 0.00038323 
3.178500 	 0 	 0.02824665 	 0.00037063 
3.178900 	 0 	 0.02701931 	 0.00036636 
3.179800 	 0 	 0.02369245 	 0.00030784 
3.181100 	 0 	 0.01972879 	 0.00033437 
3.182000 	 0 	 0.01756822 	 0.00030740 
3.183000 	 0 	 0.01483085 	 0.00028350 
3.184000 	 0 	 0.01236773 	 0.00026871 
3.185000 	 0 	 0.01073635 	 0.00024662 
3.186000 	 0 	 0.00935919 	 0.00023880 
3.187000 	 0 	 0.00809313 	 0.00022326 
3.188100 	 0 	 0.00713274 	 0.00021667 
3.188900 	 0 	 0.00655759 	 0.00020999 
3.189300 	 0 	 0.00631133 	 0.00006901 
3.189900 	 0 	 0.00602393 	 0.00020493 
3.191000 	 0 	 0.00540847 	 0.00019294 
3.191500 	 0 	 0.00541079 	 0.00009069 
3.192000 	 0 	 0.00501064 	 0.00017290 
3.193000 	 0 	 0.00504878 	 0.00019149 
3.193400 	 0 	 0.00440563 	 0.00015666 
3.193800 	 0 	 0.00463602 	 0.00017000 
3.194400 	 0 	 0.00405300 	 0.00018422 
3.195000 	 0 	 0.00432011 	 0.00017745 
3.195400 	 0 	 0.00409823 	 0.00015956 
3.196000 	 0 	 0.00434020 	 0.00020924 
3.196500 	 0 	 0.00378151 	 0.00015666 
3.197000 	 0 	 0.00427556 	 0.00019233 
3.197100 	 0 	 0.00406583 	 0.00011370 
3.198000 	 0 	 0.00391686 	 0.00018739 
3.198200 	 0 	 0.00342376 	 0.00016414 
3.198900 	 0 	 0.00392249 	 0.00017869 
3.200500 	 0 	 0.00386031 	 0.00015160 
