2.106856 0.000000 0.000486 0.000043
2.108034 0.000000 0.000479 0.000053
2.109105 0.000000 0.000508 0.000049
2.110176 0.000000 0.000599 0.000042
2.111247 0.000000 0.001187 0.000048
2.111782 0.000000 0.002357 0.000063
2.112317 0.000000 0.004954 0.000098
2.112638 0.000000 0.004026 0.000091
2.113922 0.000000 0.001284 0.000067
2.114992 0.000000 0.001113 0.000055
2.115955 0.000000 0.001094 0.000064
2.120125 0.000000 0.000708 0.000059
2.125572 0.000000 0.000432 0.000105
2.127601 0.000000 0.000336 0.000127
2.151137 0.000000 0.000171 0.000017
2.156130 0.000000 0.000688 0.000033
2.160800 0.000000 0.000586 0.000029
2.165573 0.000000 0.000332 0.000122
2.166209 0.000000 0.000276 0.000026
2.166633 0.000000 0.004230 0.000110
2.167057 0.000000 0.004585 0.000062
2.167163 0.000000 0.011154 0.000146
2.167586 0.000000 0.003704 0.000119
2.168222 0.000000 0.001792 0.000043
2.168646 0.000000 0.000722 0.000038
2.169176 0.000000 0.000872 0.000045
2.170341 0.000000 0.000283 0.000040
2.171506 0.000000 0.000153 0.000019
2.177751 0.000000 0.000191 0.000039
2.182615 0.000000 0.000097 0.000020
2.188003 0.000000 0.000478 0.000032
2.190853 0.000000 0.001123 0.000042
2.191487 0.000000 0.000534 0.000038
2.191592 0.000000 0.001577 0.000079
2.191909 0.000000 0.000720 0.000042
2.192014 0.000000 0.000799 0.000077
2.192542 0.000000 0.003520 0.000129
2.192648 0.000000 0.000501 0.000056
2.192964 0.000000 0.001609 0.000083
2.193070 0.000000 0.000474 0.000030
2.193386 0.000000 0.000778 0.000033
2.193597 0.000000 0.000460 0.000064
2.195496 0.000000 0.000278 0.000031
2.197816 0.000000 0.000212 0.000063
2.198764 0.000000 0.000280 0.000099
2.199291 0.000000 0.000167 0.000021
2.203822 0.000000 0.000178 0.000027
2.204033 0.000000 0.000167 0.000042
2.208139 0.000000 0.000206 0.000031
2.214555 0.000000 0.000274 0.000087
2.219494 0.000000 0.000221 0.000028
2.224535 0.000000 0.000165 0.000021
2.240469 0.000000 0.000272 0.000082
2.245597 0.000000 0.000275 0.000100
2.250721 0.000000 0.000246 0.000057
2.256154 0.000000 0.000177 0.000025
2.260957 0.000000 0.000274 0.000099
2.266068 0.000000 0.000175 0.000027
2.271906 0.000000 0.000183 0.000036
2.276801 0.000000 0.000210 0.000057
2.287828 0.000000 0.000171 0.000034
2.289595 0.000000 0.000243 0.000032
2.293750 0.000000 0.000243 0.000043
2.295931 0.000000 0.000202 0.000036
2.298007 0.000000 0.000539 0.000040
2.300290 0.000000 0.000228 0.000033
2.301846 0.000000 0.000212 0.000035
2.304335 0.000000 0.000261 0.000042
2.306201 0.000000 0.000303 0.000047
2.308378 0.000000 0.000320 0.000059
2.312626 0.000000 0.000240 0.000080
2.316871 0.000000 0.000299 0.000065
2.318631 0.000000 0.000205 0.000038
2.319872 0.000000 0.000253 0.000030
2.320804 0.000000 0.000236 0.000027
2.321941 0.000000 0.000271 0.000031
2.323183 0.000000 0.000429 0.000027
2.323596 0.000000 0.000510 0.000044
2.324217 0.000000 0.000677 0.000044
2.324630 0.000000 0.000935 0.000040
2.324941 0.000000 0.001205 0.000062
2.325147 0.000000 0.001213 0.000066
2.325768 0.000000 0.001384 0.000053
2.326181 0.000000 0.001091 0.000062
2.326698 0.000000 0.000829 0.000056
2.327215 0.000000 0.000680 0.000048
2.327835 0.000000 0.000516 0.000039
2.328249 0.000000 0.000445 0.000033
2.329075 0.000000 0.000333 0.000055
2.329179 0.000000 0.000346 0.000029
2.333311 0.000000 0.000229 0.000080
2.333414 0.000000 0.000256 0.000028
2.336925 0.000000 0.000310 0.000048
2.341362 0.000000 0.000342 0.000088
2.341465 0.000000 0.000218 0.000019
2.343219 0.000000 0.000243 0.000048
2.344972 0.000000 0.000248 0.000038
2.346519 0.000000 0.000298 0.000037
2.347859 0.000000 0.000372 0.000063
2.347962 0.000000 0.000304 0.000043
2.349405 0.000000 0.000278 0.000037
2.349611 0.000000 0.000294 0.000070
2.350435 0.000000 0.000314 0.000040
2.351157 0.000000 0.000316 0.000033
2.351878 0.000000 0.000246 0.000110
2.351981 0.000000 0.000400 0.000036
2.352805 0.000000 0.000395 0.000041
2.353629 0.000000 0.000407 0.000038
2.353938 0.000000 0.000412 0.000073
2.354144 0.000000 0.000476 0.000039
2.354762 0.000000 0.000515 0.000041
2.355277 0.000000 0.000638 0.000042
2.355792 0.000000 0.000668 0.000039
2.356101 0.000000 0.000614 0.000075
2.356512 0.000000 0.000893 0.000043
2.357027 0.000000 0.000947 0.000044
2.357542 0.000000 0.001020 0.000050
2.357851 0.000000 0.000923 0.000038
2.358468 0.000000 0.001045 0.000041
2.358983 0.000000 0.001005 0.000049
2.359395 0.000000 0.000922 0.000048
2.360115 0.000000 0.000847 0.000034
2.360733 0.000000 0.000920 0.000035
2.361247 0.000000 0.000911 0.000034
2.361453 0.000000 0.000814 0.000063
2.361762 0.000000 0.000899 0.000034
2.362276 0.000000 0.000919 0.000032
2.362790 0.000000 0.000970 0.000031
2.363202 0.000000 0.000967 0.000035
2.363716 0.000000 0.001024 0.000034
2.364128 0.000000 0.000995 0.000048
2.364333 0.000000 0.001110 0.000040
2.364745 0.000000 0.001210 0.000038
2.365259 0.000000 0.001310 0.000041
2.365773 0.000000 0.001393 0.000041
2.366390 0.000000 0.001525 0.000043
2.366904 0.000000 0.001686 0.000046
2.367316 0.000000 0.001744 0.000045
2.367830 0.000000 0.001876 0.000047
2.368344 0.000000 0.001984 0.000046
2.368961 0.000000 0.002121 0.000054
2.369783 0.000000 0.002089 0.000048
2.370091 0.000000 0.002102 0.000049
2.370400 0.000000 0.002026 0.000050
2.371119 0.000000 0.001965 0.000054
2.371427 0.000000 0.001853 0.000048
2.372044 0.000000 0.001713 0.000047
2.372558 0.000000 0.001655 0.000046
2.372866 0.000000 0.001623 0.000058
2.373071 0.000000 0.001514 0.000043
2.373585 0.000000 0.001395 0.000050
2.374715 0.000000 0.001059 0.000039
2.375640 0.000000 0.000868 0.000034
2.376564 0.000000 0.000769 0.000031
2.377694 0.000000 0.000635 0.000034
2.378618 0.000000 0.000577 0.000030
2.380671 0.000000 0.000457 0.000034
2.382723 0.000000 0.000374 0.000032
2.384878 0.000000 0.000346 0.000032
2.386930 0.000000 0.000725 0.000036
2.388878 0.000000 0.000372 0.000032
2.390826 0.000000 0.000340 0.000032
2.391134 0.000000 0.000388 0.000037
2.392877 0.000000 0.000328 0.000029
2.395029 0.000000 0.000404 0.000037
2.395951 0.000000 0.000459 0.000041
2.397180 0.000000 0.000403 0.000035
2.399229 0.000000 0.000493 0.000032
2.401072 0.000000 0.000388 0.000039
2.401379 0.000000 0.000444 0.000027
2.403017 0.000000 0.000344 0.000022
2.404860 0.000000 0.000260 0.000023
2.407111 0.000000 0.000272 0.000023
2.409259 0.000000 0.000293 0.000023
2.411407 0.000000 0.000240 0.000017
2.413248 0.000000 0.000217 0.000017
2.416111 0.000000 0.000230 0.000016
2.416519 0.000000 0.000231 0.000028
2.421220 0.000000 0.000307 0.000028
2.421424 0.000000 0.000270 0.000020
2.425407 0.000000 0.000384 0.000033
2.425611 0.000000 0.000393 0.000021
2.428368 0.000000 0.000597 0.000023
2.429797 0.000000 0.000640 0.000039
2.430511 0.000000 0.000816 0.000033
2.431838 0.000000 0.001028 0.000033
2.432858 0.000000 0.001072 0.000051
2.433878 0.000000 0.001410 0.000027
2.434694 0.000000 0.001557 0.000055
2.435816 0.000000 0.002778 0.000050
2.436938 0.000000 0.002992 0.000067
2.437244 0.000000 0.004054 0.000066
2.438060 0.000000 0.004093 0.000080
2.439079 0.000000 0.005388 0.000074
2.439589 0.000000 0.005949 0.000074
2.440099 0.000000 0.006541 0.000057
2.440914 0.000000 0.006664 0.000076
2.441016 0.000000 0.006754 0.000081
2.441322 0.000000 0.006619 0.000078
2.441730 0.000000 0.006321 0.000075
2.441934 0.000000 0.005720 0.000055
2.442239 0.000000 0.005953 0.000075
2.443055 0.000000 0.004637 0.000044
2.443972 0.000000 0.003631 0.000060
2.444176 0.000000 0.003800 0.000063
2.445093 0.000000 0.003008 0.000057
2.446010 0.000000 0.002165 0.000045
2.446213 0.000000 0.002281 0.000049
2.448047 0.000000 0.001543 0.000046
2.449982 0.000000 0.001066 0.000043
2.450186 0.000000 0.001095 0.000044
2.452222 0.000000 0.000810 0.000039
2.454156 0.000000 0.000636 0.000028
2.454564 0.000000 0.000580 0.000042
2.456294 0.000000 0.000510 0.000040
2.458329 0.000000 0.000473 0.000025
2.460567 0.000000 0.000474 0.000030
2.462296 0.000000 0.000425 0.000024
2.464432 0.000000 0.000461 0.000023
2.466364 0.000000 0.000595 0.000033
2.467381 0.000000 0.000562 0.000039
2.468397 0.000000 0.000727 0.000038
2.468499 0.000000 0.000837 0.000032
2.468905 0.000000 0.000855 0.000051
2.469515 0.000000 0.001006 0.000052
2.470023 0.000000 0.004688 0.000082
2.470430 0.000000 0.002665 0.000051
2.470633 0.000000 0.003607 0.000079
2.471039 0.000000 0.002202 0.000065
2.471548 0.000000 0.002125 0.000065
2.472056 0.000000 0.002424 0.000070
2.472462 0.000000 0.003309 0.000049
2.473275 0.000000 0.003987 0.000077
2.473681 0.000000 0.004415 0.000089
2.473986 0.000000 0.004731 0.000088
2.474494 0.000000 0.004595 0.000083
2.474596 0.000000 0.003959 0.000068
2.475103 0.000000 0.003847 0.000066
2.476525 0.000000 0.001707 0.000028
2.477541 0.000000 0.001396 0.000060
2.478658 0.000000 0.000940 0.000045
2.479572 0.000000 0.000830 0.000045
2.480587 0.000000 0.000962 0.000024
2.481704 0.000000 0.001022 0.000056
2.482617 0.000000 0.000912 0.000056
2.482719 0.000000 0.000867 0.000028
2.483734 0.000000 0.000946 0.000025
2.483835 0.000000 0.000761 0.000052
2.484343 0.000000 0.000883 0.000055
2.484850 0.000000 0.001559 0.000027
2.485256 0.000000 0.002795 0.000043
2.485358 0.000000 0.001738 0.000064
2.485764 0.000000 0.005784 0.000082
2.485865 0.000000 0.003043 0.000077
2.486271 0.000000 0.006816 0.000111
2.486372 0.000000 0.024874 0.000205
2.486778 0.000000 0.030248 0.000154
2.487387 0.000000 0.030908 0.000165
2.487894 0.000000 0.014620 0.000097
2.488402 0.000000 0.005914 0.000058
2.488605 0.000000 0.007316 0.000113
2.488909 0.000000 0.003811 0.000052
2.489315 0.000000 0.002673 0.000036
2.489720 0.000000 0.002269 0.000027
2.490430 0.000000 0.001466 0.000026
2.490836 0.000000 0.001241 0.000025
2.490938 0.000000 0.001500 0.000054
2.491850 0.000000 0.000930 0.000052
2.491952 0.000000 0.000862 0.000025
2.492763 0.000000 0.000735 0.000045
2.492864 0.000000 0.000609 0.000019
2.493878 0.000000 0.000466 0.000019
2.494081 0.000000 0.000440 0.000037
2.494791 0.000000 0.000398 0.000017
2.495805 0.000000 0.000357 0.000020
2.496008 0.000000 0.000375 0.000037
2.496920 0.000000 0.000329 0.000036
2.497832 0.000000 0.000324 0.000028
2.497934 0.000000 0.000277 0.000017
2.499150 0.000000 0.000291 0.000030
2.499859 0.000000 0.000280 0.000032
2.499961 0.000000 0.000242 0.000017
2.500974 0.000000 0.000274 0.000033
2.501987 0.000000 0.000259 0.000028
2.502393 0.000000 0.000253 0.000015
2.503102 0.000000 0.000310 0.000040
2.504014 0.000000 0.000263 0.000041
2.505027 0.000000 0.000252 0.000031
2.506039 0.000000 0.000284 0.000027
2.506850 0.000000 0.000325 0.000030
2.508065 0.000000 0.000303 0.000069
2.509179 0.000000 0.000302 0.000041
2.509888 0.000000 0.000232 0.000038
2.511103 0.000000 0.000311 0.000037
2.512216 0.000000 0.000268 0.000031
2.513532 0.000000 0.000291 0.000054
2.513937 0.000000 0.000308 0.000035
2.516265 0.000000 0.006202 0.000110
2.518288 0.000000 0.000465 0.000050
2.519705 0.000000 0.000304 0.000036
2.521930 0.000000 0.000390 0.000040
2.524155 0.000000 0.000364 0.000033
2.526279 0.000000 0.000356 0.000043
2.528402 0.000000 0.000368 0.000040
2.530424 0.000000 0.000375 0.000038
2.532344 0.000000 0.000326 0.000033
2.534365 0.000000 0.000320 0.000050
2.536487 0.000000 0.000343 0.000039
2.538507 0.000000 0.000455 0.000040
2.540325 0.000000 0.000410 0.000037
2.542850 0.000000 0.000447 0.000041
2.544364 0.000000 0.000438 0.000045
2.546383 0.000000 0.000466 0.000048
2.548402 0.000000 0.000525 0.000043
2.550622 0.000000 0.000632 0.000043
2.552641 0.000000 0.000589 0.000041
2.554558 0.000000 0.000868 0.000049
2.556575 0.000000 0.001024 0.000042
2.558693 0.000000 0.001095 0.000059
2.560609 0.000000 0.001302 0.000060
2.562727 0.000000 0.001743 0.000067
2.564642 0.000000 0.002259 0.000061
2.566759 0.000000 0.003360 0.000095
2.568674 0.000000 0.005449 0.000090
2.570690 0.000000 0.008516 0.000101
2.572806 0.000000 0.010552 0.000107
2.574720 0.000000 0.008660 0.000107
2.576835 0.000000 0.006255 0.000088
2.578749 0.000000 0.004882 0.000075
2.580662 0.000000 0.004140 0.000076
2.582777 0.000000 0.003726 0.000070
2.584690 0.000000 0.003366 0.000072
2.586905 0.000000 0.003105 0.000067
2.588918 0.000000 0.002983 0.000070
2.590729 0.000000 0.002724 0.000066
2.592943 0.000000 0.002524 0.000064
2.594754 0.000000 0.002354 0.000063
2.596967 0.000000 0.002312 0.000066
2.598979 0.000000 0.002194 0.000061
2.600789 0.000000 0.002067 0.000056
2.601795 0.000000 0.002081 0.000064
2.603102 0.000000 0.002406 0.000064
2.604007 0.000000 0.004256 0.000077
2.606119 0.000000 0.004152 0.000078
2.607727 0.000000 0.002016 0.000058
2.609838 0.000000 0.001480 0.000053
2.612050 0.000000 0.001179 0.000053
2.613959 0.000000 0.001416 0.000053
2.618581 0.000000 0.000943 0.000048
2.624106 0.000000 0.000847 0.000047
2.628525 0.000000 0.000800 0.000047
2.633545 0.000000 0.000821 0.000053
2.639166 0.000000 0.000831 0.000049
2.643782 0.000000 0.000899 0.000048
2.649099 0.000000 0.001002 0.000051
2.653613 0.000000 0.001245 0.000054
2.656120 0.000000 0.001516 0.000053
2.658126 0.000000 0.001707 0.000060
2.659930 0.000000 0.002042 0.000063
2.661835 0.000000 0.002384 0.000054
2.664041 0.000000 0.003150 0.000063
2.665946 0.000000 0.003770 0.000068
2.668151 0.000000 0.004752 0.000094
2.670456 0.000000 0.005504 0.000089
2.672260 0.000000 0.005566 0.000086
2.674465 0.000000 0.005028 0.000067
2.675868 0.000000 0.004668 0.000065
2.678072 0.000000 0.004245 0.000064
2.679976 0.000000 0.003144 0.000064
2.682180 0.000000 0.002477 0.000065
2.688991 0.000000 0.001672 0.000047
2.693898 0.000000 0.001493 0.000048
2.699005 0.000000 0.001597 0.000044
2.702209 0.000000 0.001495 0.000059
2.704211 0.000000 0.001824 0.000049
2.707214 0.000000 0.002068 0.000067
2.708215 0.000000 0.002479 0.000060
2.709316 0.000000 0.002645 0.000077
2.710217 0.000000 0.003286 0.000087
2.710818 0.000000 0.004072 0.000099
2.711318 0.000000 0.005204 0.000116
2.711718 0.000000 0.007156 0.000094
2.711919 0.000000 0.007534 0.000128
2.712219 0.000000 0.010016 0.000146
2.712719 0.000000 0.018231 0.000130
2.712819 0.000000 0.023618 0.000232
2.713020 0.000000 0.027913 0.000239
2.713220 0.000000 0.030468 0.000158
2.713620 0.000000 0.032322 0.000285
2.713820 0.000000 0.029627 0.000290
2.713920 0.000000 0.028847 0.000324
2.714221 0.000000 0.023459 0.000166
2.714321 0.000000 0.020543 0.000252
2.714821 0.000000 0.015199 0.000176
2.715321 0.000000 0.011234 0.000181
2.715722 0.000000 0.009179 0.000156
2.716222 0.000000 0.008529 0.000112
2.716723 0.000000 0.006756 0.000171
2.717323 0.000000 0.006092 0.000126
2.717823 0.000000 0.005770 0.000134
2.718224 0.000000 0.005764 0.000084
2.718824 0.000000 0.005337 0.000119
2.719124 0.000000 0.005484 0.000116
2.719925 0.000000 0.005165 0.000138
2.720325 0.000000 0.005475 0.000111
2.720425 0.000000 0.005324 0.000137
2.720825 0.000000 0.005020 0.000170
2.721326 0.000000 0.005387 0.000166
2.721726 0.000000 0.005586 0.000153
2.722226 0.000000 0.005690 0.000083
2.722827 0.000000 0.005411 0.000169
2.723327 0.000000 0.005941 0.000112
2.723827 0.000000 0.005630 0.000185
2.724027 0.000000 0.006203 0.000125
2.724228 0.000000 0.005874 0.000196
2.724428 0.000000 0.006403 0.000148
2.724628 0.000000 0.006472 0.000139
2.725328 0.000000 0.007726 0.000160
2.726329 0.000000 0.011468 0.000113
2.727329 0.000000 0.008024 0.000149
2.728130 0.000000 0.007409 0.000112
2.728330 0.000000 0.006934 0.000138
2.729330 0.000000 0.006754 0.000103
2.730331 0.000000 0.006367 0.000144
2.731231 0.000000 0.006196 0.000122
2.732032 0.000000 0.006492 0.000121
2.732332 0.000000 0.006183 0.000151
2.733332 0.000000 0.006258 0.000162
2.734432 0.000000 0.006389 0.000141
2.735333 0.000000 0.006786 0.000111
2.735833 0.000000 0.006971 0.000145
2.736133 0.000000 0.007450 0.000130
2.736233 0.000000 0.007349 0.000160
2.736333 0.000000 0.007631 0.000159
2.736833 0.000000 0.008161 0.000187
2.737233 0.000000 0.009036 0.000180
2.737834 0.000000 0.010701 0.000220
2.738234 0.000000 0.012304 0.000183
2.738434 0.000000 0.013593 0.000204
2.738534 0.000000 0.014416 0.000207
2.738734 0.000000 0.015465 0.000254
2.739034 0.000000 0.021879 0.000238
2.739134 0.000000 0.021539 0.000173
2.739234 0.000000 0.021228 0.000267
2.739334 0.000000 0.018565 0.000286
2.739634 0.000000 0.023828 0.000283
2.739734 0.000000 0.034347 0.000351
2.739834 0.000000 0.027767 0.000298
2.740134 0.000000 0.035508 0.000368
2.740234 0.000000 0.055090 0.000433
2.740334 0.000000 0.045034 0.000329
2.740534 0.000000 0.057170 0.000475
2.740735 0.000000 0.082315 0.000593
2.740835 0.000000 0.073242 0.000602
2.741035 0.000000 0.084332 0.000173
2.741335 0.000000 0.089350 0.000175
2.741735 0.000000 0.068382 0.000175
2.742335 0.000000 0.036466 0.000162
2.742635 0.000000 0.027525 0.000145
2.742735 0.000000 0.031209 0.000234
2.743235 0.000000 0.018732 0.000095
2.743435 0.000000 0.014537 0.000113
2.743635 0.000000 0.024002 0.000106
2.743835 0.000000 0.012336 0.000090
2.744135 0.000000 0.012168 0.000123
2.744335 0.000000 0.011531 0.000095
2.744635 0.000000 0.009488 0.000139
2.745036 0.000000 0.008078 0.000098
2.745136 0.000000 0.007764 0.000136
2.745536 0.000000 0.006915 0.000088
2.745736 0.000000 0.006682 0.000091
2.746036 0.000000 0.006456 0.000083
2.746236 0.000000 0.005908 0.000102
2.746336 0.000000 0.006367 0.000076
2.746636 0.000000 0.005402 0.000093
2.746836 0.000000 0.005622 0.000049
2.747136 0.000000 0.004879 0.000079
2.747236 0.000000 0.005213 0.000068
2.747536 0.000000 0.004577 0.000056
2.748136 0.000000 0.004577 0.000064
2.749636 0.000000 0.003752 0.000093
2.749936 0.000000 0.003790 0.000087
2.750236 0.000000 0.003812 0.000069
2.750336 0.000000 0.003862 0.000065
2.752137 0.000000 0.003771 0.000062
2.752337 0.000000 0.003527 0.000098
2.754237 0.000000 0.003678 0.000051
2.755837 0.000000 0.003639 0.000093
2.756337 0.000000 0.003877 0.000073
2.758237 0.000000 0.003976 0.000059
2.760037 0.000000 0.003895 0.000106
2.762137 0.000000 0.004199 0.000061
2.762237 0.000000 0.003917 0.000093
2.762837 0.000000 0.003837 0.000093
2.763237 0.000000 0.003921 0.000105
2.763637 0.000000 0.003891 0.000069
2.764737 0.000000 0.003734 0.000087
2.765237 0.000000 0.003649 0.000102
2.765737 0.000000 0.003632 0.000079
2.766137 0.000000 0.003857 0.000061
2.766237 0.000000 0.003605 0.000095
2.767237 0.000000 0.003167 0.000108
2.768137 0.000000 0.003460 0.000064
2.768337 0.000000 0.003045 0.000096
2.770136 0.000000 0.002851 0.000083
2.770236 0.000000 0.003165 0.000063
2.772036 0.000000 0.002776 0.000059
2.773936 0.000000 0.002286 0.000047
2.774236 0.000000 0.002385 0.000060
2.776236 0.000000 0.002182 0.000057
2.778835 0.000000 0.001473 0.000084
2.780235 0.000000 0.001688 0.000060
2.784035 0.000000 0.001348 0.000061
2.788134 0.000000 0.001197 0.000053
2.792133 0.000000 0.001086 0.000063
2.794433 0.000000 0.000828 0.000058
2.796132 0.000000 0.000934 0.000058
2.800232 0.000000 0.000876 0.000065
2.803531 0.000000 0.001277 0.000056
2.804031 0.000000 0.001119 0.000085
2.806231 0.000000 0.002068 0.000052
2.806931 0.000000 0.003408 0.000059
2.807830 0.000000 0.005410 0.000117
2.807930 0.000000 0.003359 0.000112
2.808830 0.000000 0.007585 0.000096
2.809130 0.000000 0.011862 0.000169
2.809430 0.000000 0.014796 0.000189
2.809630 0.000000 0.016675 0.000199
2.810130 0.000000 0.022120 0.000115
2.810430 0.000000 0.022868 0.000222
2.810530 0.000000 0.022946 0.000227
2.810830 0.000000 0.021918 0.000227
2.811430 0.000000 0.016150 0.000201
2.811930 0.000000 0.011889 0.000164
2.812030 0.000000 0.008274 0.000103
2.812330 0.000000 0.008708 0.000154
2.812830 0.000000 0.006729 0.000138
2.813330 0.000000 0.005332 0.000129
2.813730 0.000000 0.004627 0.000062
2.815929 0.000000 0.002259 0.000064
2.818229 0.000000 0.001295 0.000058
2.820229 0.000000 0.000989 0.000057
2.822329 0.000000 0.000909 0.000054
2.823929 0.000000 0.000797 0.000057
2.826129 0.000000 0.000713 0.000058
2.828529 0.000000 0.000695 0.000046
2.830729 0.000000 0.000509 0.000050
2.833729 0.000000 0.000606 0.000053
2.836329 0.000000 0.000608 0.000042
2.838930 0.000000 0.000518 0.000059
2.841630 0.000000 0.000610 0.000073
2.843931 0.000000 0.002069 0.000067
2.844231 0.000000 0.001166 0.000062
2.844731 0.000000 0.002258 0.000076
2.845031 0.000000 0.005729 0.000134
2.845331 0.000000 0.011530 0.000176
2.845631 0.000000 0.011249 0.000185
2.845931 0.000000 0.008729 0.000173
2.846131 0.000000 0.005879 0.000149
2.846231 0.000000 0.002428 0.000066
2.847732 0.000000 0.000809 0.000056
2.850732 0.000000 0.000777 0.000066
2.855834 0.000000 0.000609 0.000053
2.858035 0.000000 0.000620 0.000062
2.860036 0.000000 0.000690 0.000046
2.862338 0.000000 0.000718 0.000056
2.862838 0.000000 0.000601 0.000070
2.863338 0.000000 0.000763 0.000056
2.863739 0.000000 0.000713 0.000102
2.863839 0.000000 0.000866 0.000058
2.866140 0.000000 0.001299 0.000031
2.870243 0.000000 0.001352 0.000106
2.871844 0.000000 0.001690 0.000087
2.873345 0.000000 0.002512 0.000107
2.874146 0.000000 0.006178 0.000113
2.874246 0.000000 0.004539 0.000127
2.874747 0.000000 0.004138 0.000144
2.875147 0.000000 0.009470 0.000279
2.875347 0.000000 0.007678 0.000127
2.875447 0.000000 0.005828 0.000152
2.875948 0.000000 0.007270 0.000157
2.876248 0.000000 0.009443 0.000152
2.876348 0.000000 0.008451 0.000191
2.876548 0.000000 0.009130 0.000187
2.876848 0.000000 0.009244 0.000207
2.877149 0.000000 0.008714 0.000241
2.877249 0.000000 0.007700 0.000380
2.877349 0.000000 0.009164 0.000173
2.877549 0.000000 0.008590 0.000201
2.877749 0.000000 0.008267 0.000196
2.878250 0.000000 0.005858 0.000134
2.878350 0.000000 0.006305 0.000202
2.878450 0.000000 0.005575 0.000215
2.879151 0.000000 0.004690 0.000310
2.879251 0.000000 0.005249 0.000192
2.880152 0.000000 0.003979 0.000087
2.880252 0.000000 0.004818 0.000244
2.880352 0.000000 0.004464 0.000065
2.881153 0.000000 0.004782 0.000310
2.881353 0.000000 0.003550 0.000092
2.882354 0.000000 0.006424 0.000103
2.883155 0.000000 0.004711 0.000209
2.883255 0.000000 0.006242 0.000095
2.884356 0.000000 0.004787 0.000097
2.885157 0.000000 0.002213 0.000123
2.885357 0.000000 0.003293 0.000226
2.889262 0.000000 0.001612 0.000113
2.893167 0.000000 0.001838 0.000078
2.897073 0.000000 0.001519 0.000110
2.901079 0.000000 0.001365 0.000163
2.905186 0.000000 0.001500 0.000193
2.908793 0.000000 0.004632 0.000111
2.909194 0.000000 0.007928 0.000154
2.910196 0.000000 0.040542 0.000593
2.910296 0.000000 0.063083 0.000337
2.910797 0.000000 0.034545 0.000548
2.911198 0.000000 0.064082 0.000577
2.911498 0.000000 0.039830 0.000622
2.911799 0.000000 0.016686 0.000276
2.912300 0.000000 0.010308 0.000136
2.912901 0.000000 0.007846 0.000151
2.913402 0.000000 0.005897 0.000093
2.913903 0.000000 0.004715 0.000086
2.914404 0.000000 0.003968 0.000081
2.914705 0.000000 0.003519 0.000077
2.915908 0.000000 0.002746 0.000066
2.916910 0.000000 0.002306 0.000069
2.917812 0.000000 0.002125 0.000060
2.918313 0.000000 0.002181 0.000059
2.918914 0.000000 0.003418 0.000091
2.919415 0.000000 0.008430 0.000138
2.919816 0.000000 0.030720 0.000323
2.919917 0.000000 0.033992 0.000283
2.920117 0.000000 0.028064 0.000365
2.920217 0.000000 0.019347 0.000260
2.920418 0.000000 0.011393 0.000185
2.920919 0.000000 0.005376 0.000098
2.921320 0.000000 0.004356 0.000080
2.921921 0.000000 0.002730 0.000043
2.922322 0.000000 0.002181 0.000059
2.922824 0.000000 0.001945 0.000039
2.923325 0.000000 0.001725 0.000038
2.923926 0.000000 0.001567 0.000034
2.924327 0.000000 0.001460 0.000038
2.924829 0.000000 0.001349 0.000036
2.925230 0.000000 0.001354 0.000039
2.925831 0.000000 0.001287 0.000035
2.926332 0.000000 0.001296 0.000039
2.926934 0.000000 0.001234 0.000038
2.927435 0.000000 0.001195 0.000044
2.927937 0.000000 0.001208 0.000043
2.930243 0.000000 0.001156 0.000039
2.934254 0.000000 0.001209 0.000043
2.944186 0.000000 0.001715 0.000044
2.954624 0.000000 0.003477 0.000061
2.964264 0.000000 0.003621 0.000063
2.974412 0.000000 0.002728 0.000052
2.975316 0.000000 0.003177 0.000151
2.984465 0.000000 0.002877 0.000060
2.984867 0.000000 0.003119 0.000122
2.994423 0.000000 0.003868 0.000068
2.995630 0.000000 0.004657 0.000142
2.999656 0.000000 0.005807 0.000167
3.003179 0.000000 0.006650 0.000155
3.003683 0.000000 0.007497 0.000208
3.004690 0.000000 0.007746 0.000107
3.006200 0.000000 0.009171 0.000146
3.007308 0.000000 0.010037 0.000166
3.008214 0.000000 0.010835 0.000228
3.008315 0.000000 0.010892 0.000143
3.009120 0.000000 0.011678 0.000245
3.010329 0.000000 0.013080 0.000154
3.011236 0.000000 0.014097 0.000164
3.012344 0.000000 0.015831 0.000161
3.012444 0.000000 0.015975 0.000194
3.013250 0.000000 0.017839 0.000180
3.014359 0.000000 0.021857 0.000177
3.014459 0.000000 0.021692 0.000224
3.015366 0.000000 0.026004 0.000208
3.015668 0.000000 0.026983 0.000277
3.016071 0.000000 0.029173 0.000282
3.016474 0.000000 0.031284 0.000300
3.016676 0.000000 0.033442 0.000270
3.016878 0.000000 0.034946 0.000310
3.017079 0.000000 0.035609 0.000270
3.017381 0.000000 0.036615 0.000306
3.017885 0.000000 0.036755 0.000296
3.018288 0.000000 0.035516 0.000292
3.018792 0.000000 0.032164 0.000271
3.019296 0.000000 0.024888 0.000283
3.019397 0.000000 0.027646 0.000293
3.019901 0.000000 0.023574 0.000213
3.020506 0.000000 0.020509 0.000193
3.020909 0.000000 0.018267 0.000208
3.021413 0.000000 0.015956 0.000165
3.021917 0.000000 0.014505 0.000141
3.022522 0.000000 0.012924 0.000145
3.023026 0.000000 0.011752 0.000185
3.023429 0.000000 0.010996 0.000131
3.024437 0.000000 0.009406 0.000183
3.026656 0.000000 0.007624 0.000168
3.027462 0.000000 0.007335 0.000127
3.030387 0.000000 0.006371 0.000150
3.031295 0.000000 0.006360 0.000143
3.034422 0.000000 0.006023 0.000141
3.035331 0.000000 0.006363 0.000130
3.036542 0.000000 0.006471 0.000114
3.037450 0.000000 0.007464 0.000140
3.037551 0.000000 0.006885 0.000161
3.038156 0.000000 0.008153 0.000163
3.038560 0.000000 0.010968 0.000110
3.038762 0.000000 0.017236 0.000195
3.038863 0.000000 0.013472 0.000142
3.039065 0.000000 0.027777 0.000181
3.039266 0.000000 0.025382 0.000186
3.039367 0.000000 0.034862 0.000330
3.039468 0.000000 0.038774 0.000196
3.039569 0.000000 0.047251 0.000387
3.039973 0.000000 0.024710 0.000203
3.040478 0.000000 0.020202 0.000250
3.041588 0.000000 0.010436 0.000185
3.042598 0.000000 0.008976 0.000185
3.043607 0.000000 0.008882 0.000182
3.043910 0.000000 0.008972 0.000128
3.044617 0.000000 0.008981 0.000142
3.046637 0.000000 0.009066 0.000166
3.048152 0.000000 0.008974 0.000132
3.050576 0.000000 0.008022 0.000173
3.052193 0.000000 0.007190 0.000138
3.054112 0.000000 0.006270 0.000127
3.054719 0.000000 0.006024 0.000152
3.058155 0.000000 0.005343 0.000122
3.058762 0.000000 0.005083 0.000142
3.062199 0.000000 0.005578 0.000136
3.062806 0.000000 0.005261 0.000148
3.064829 0.000000 0.005877 0.000147
3.065334 0.000000 0.006266 0.000166
3.065840 0.000000 0.006207 0.000179
3.066144 0.000000 0.006724 0.000167
3.066245 0.000000 0.007251 0.000120
3.066346 0.000000 0.006580 0.000182
3.066649 0.000000 0.007015 0.000187
3.066852 0.000000 0.007107 0.000186
3.067155 0.000000 0.007175 0.000184
3.067459 0.000000 0.007338 0.000168
3.067661 0.000000 0.007508 0.000182
3.067965 0.000000 0.007514 0.000196
3.068066 0.000000 0.007733 0.000196
3.068268 0.000000 0.007946 0.000126
3.068369 0.000000 0.008009 0.000111
3.068572 0.000000 0.007979 0.000107
3.068875 0.000000 0.008035 0.000114
3.069077 0.000000 0.007968 0.000119
3.069280 0.000000 0.007497 0.000143
3.069381 0.000000 0.007553 0.000129
3.069685 0.000000 0.007374 0.000108
3.069887 0.000000 0.007219 0.000091
3.070190 0.000000 0.007175 0.000111
3.070292 0.000000 0.006730 0.000155
3.070393 0.000000 0.007021 0.000111
3.070696 0.000000 0.006672 0.000108
3.070899 0.000000 0.006374 0.000106
3.071101 0.000000 0.006237 0.000122
3.071506 0.000000 0.006011 0.000099
3.072012 0.000000 0.005974 0.000110
3.072518 0.000000 0.005678 0.000107
3.072822 0.000000 0.005731 0.000115
3.074036 0.000000 0.005915 0.000117
3.074947 0.000000 0.006595 0.000114
3.075858 0.000000 0.008629 0.000089
3.076466 0.000000 0.012440 0.000175
3.077073 0.000000 0.015527 0.000165
3.077377 0.000000 0.034842 0.000452
3.077478 0.000000 0.024934 0.000152
3.077782 0.000000 0.036868 0.000239
3.077883 0.000000 0.081856 0.000765
3.078086 0.000000 0.070539 0.000270
3.078288 0.000000 0.085748 0.000336
3.078390 0.000000 0.077180 0.000430
3.078592 0.000000 0.077713 0.000267
3.078795 0.000000 0.070534 0.000349
3.078896 0.000000 0.055873 0.000420
3.078997 0.000000 0.055618 0.000294
3.079200 0.000000 0.041431 0.000358
3.079301 0.000000 0.037250 0.000265
3.079503 0.000000 0.028382 0.000159
3.080010 0.000000 0.017688 0.000217
3.080111 0.000000 0.017795 0.000181
3.080415 0.000000 0.014220 0.000133
3.080921 0.000000 0.011683 0.000159
3.081428 0.000000 0.009838 0.000108
3.082035 0.000000 0.009114 0.000152
3.083048 0.000000 0.008159 0.000121
3.083352 0.000000 0.007797 0.000146
3.085075 0.000000 0.007265 0.000176
3.087101 0.000000 0.007161 0.000138
3.087507 0.000000 0.007057 0.000173
3.088013 0.000000 0.007129 0.000131
3.088723 0.000000 0.007053 0.000137
3.090243 0.000000 0.006991 0.000133
3.091155 0.000000 0.006980 0.000149
3.091460 0.000000 0.006800 0.000126
3.093183 0.000000 0.006971 0.000128
3.094197 0.000000 0.006952 0.000122
3.095211 0.000000 0.007219 0.000125
3.095313 0.000000 0.007048 0.000119
3.096225 0.000000 0.007304 0.000123
3.097240 0.000000 0.007521 0.000142
3.098254 0.000000 0.007564 0.000130
3.099370 0.000000 0.007683 0.000138
3.099471 0.000000 0.007611 0.000125
3.100385 0.000000 0.007714 0.000138
3.101298 0.000000 0.007790 0.000171
3.103327 0.000000 0.008084 0.000138
3.103632 0.000000 0.008299 0.000138
3.104850 0.000000 0.009305 0.000122
3.104951 0.000000 0.008945 0.000174
3.105256 0.000000 0.009474 0.000138
3.105357 0.000000 0.010302 0.000127
3.105865 0.000000 0.011777 0.000173
3.105967 0.000000 0.011396 0.000169
3.106373 0.000000 0.017292 0.000337
3.106576 0.000000 0.020411 0.000200
3.106677 0.000000 0.015208 0.000180
3.106880 0.000000 0.016885 0.000212
3.107083 0.000000 0.021631 0.000201
3.107489 0.000000 0.031834 0.000264
3.107692 0.000000 0.037887 0.000283
3.107896 0.000000 0.039902 0.000293
3.108099 0.000000 0.038098 0.000306
3.108403 0.000000 0.031855 0.000288
3.108911 0.000000 0.021033 0.000209
3.109419 0.000000 0.014959 0.000186
3.109926 0.000000 0.012337 0.000174
3.110536 0.000000 0.010925 0.000139
3.110840 0.000000 0.009904 0.000102
3.111348 0.000000 0.009715 0.000150
3.112059 0.000000 0.009407 0.000161
3.112567 0.000000 0.009178 0.000164
3.112974 0.000000 0.008886 0.000167
3.113278 0.000000 0.008760 0.000170
3.114802 0.000000 0.009034 0.000147
3.117546 0.000000 0.009301 0.000182
3.118867 0.000000 0.009636 0.000148
3.121205 0.000000 0.010212 0.000182
3.122832 0.000000 0.010597 0.000157
3.125680 0.000000 0.011381 0.000188
3.126900 0.000000 0.011371 0.000139
3.129749 0.000000 0.011885 0.000189
3.130970 0.000000 0.011459 0.000169
3.133718 0.000000 0.011258 0.000159
3.135144 0.000000 0.010768 0.000154
3.139115 0.000000 0.009587 0.000201
3.140847 0.000000 0.009747 0.000136
3.143292 0.000000 0.008635 0.000152
3.144923 0.000000 0.008791 0.000136
3.147471 0.000000 0.007322 0.000144
3.148796 0.000000 0.007685 0.000127
3.149408 0.000000 0.007038 0.000121
3.153488 0.000000 0.006184 0.000140
3.153794 0.000000 0.006130 0.000150
3.157671 0.000000 0.005579 0.000141
3.158284 0.000000 0.005585 0.000140
3.159713 0.000000 0.005390 0.000135
3.161959 0.000000 0.005122 0.000149
3.162980 0.000000 0.005212 0.000181
3.163388 0.000000 0.005414 0.000119
3.163899 0.000000 0.005225 0.000091
3.164205 0.000000 0.005226 0.000129
3.164818 0.000000 0.005423 0.000101
3.165125 0.000000 0.005745 0.000188
3.165329 0.000000 0.005681 0.000128
3.165942 0.000000 0.006458 0.000194
3.166146 0.000000 0.007111 0.000191
3.166248 0.000000 0.007099 0.000165
3.166555 0.000000 0.013299 0.000248
3.166759 0.000000 0.026067 0.000310
3.167372 0.000000 0.019517 0.000192
3.167781 0.000000 0.020741 0.000283
3.168190 0.000000 0.007895 0.000094
3.168803 0.000000 0.007193 0.000202
3.169007 0.000000 0.006675 0.000122
3.169722 0.000000 0.006295 0.000108
3.170029 0.000000 0.006138 0.000158
3.170438 0.000000 0.006080 0.000091
3.170744 0.000000 0.006092 0.000187
3.171869 0.000000 0.006139 0.000087
3.171971 0.000000 0.005989 0.000187
3.172993 0.000000 0.006306 0.000191
3.173198 0.000000 0.006354 0.000124
3.174220 0.000000 0.006763 0.000105
3.175243 0.000000 0.007239 0.000197
3.175549 0.000000 0.007641 0.000124
3.176163 0.000000 0.007865 0.000203
3.177084 0.000000 0.009102 0.000140
3.177186 0.000000 0.009160 0.000216
3.178209 0.000000 0.010228 0.000219
3.179232 0.000000 0.012053 0.000237
3.179539 0.000000 0.012941 0.000183
3.180153 0.000000 0.014396 0.000255
3.180562 0.000000 0.015656 0.000154
3.181381 0.000000 0.017575 0.000272
3.181585 0.000000 0.018784 0.000211
3.181892 0.000000 0.019317 0.000281
3.182404 0.000000 0.020840 0.000288
3.183223 0.000000 0.023566 0.000308
3.184144 0.000000 0.021912 0.000203
3.184451 0.000000 0.025338 0.000320
3.184963 0.000000 0.023025 0.000203
3.185168 0.000000 0.024631 0.000319
3.185884 0.000000 0.023539 0.000309
3.186294 0.000000 0.022516 0.000305
3.187216 0.000000 0.019744 0.000257
3.188547 0.000000 0.016441 0.000279
3.189469 0.000000 0.014640 0.000256
3.190493 0.000000 0.012359 0.000236
3.190903 0.000000 0.008845 0.000090
3.191518 0.000000 0.010306 0.000224
3.192542 0.000000 0.008947 0.000206
3.193567 0.000000 0.007799 0.000199
3.194592 0.000000 0.006744 0.000186
3.195719 0.000000 0.005944 0.000181
3.196540 0.000000 0.005465 0.000175
3.196950 0.000000 0.005259 0.000058
3.197565 0.000000 0.005020 0.000171
3.198693 0.000000 0.004507 0.000161
3.199206 0.000000 0.004509 0.000076
3.199718 0.000000 0.004176 0.000144
3.200744 0.000000 0.004207 0.000160
3.201154 0.000000 0.003671 0.000131
3.201565 0.000000 0.003863 0.000142
3.202180 0.000000 0.003378 0.000154
3.202796 0.000000 0.003600 0.000148
3.203206 0.000000 0.003415 0.000133
3.203822 0.000000 0.003617 0.000174
3.204335 0.000000 0.003151 0.000131
3.204848 0.000000 0.003563 0.000160
3.204950 0.000000 0.003388 0.000095
3.205874 0.000000 0.003264 0.000156
3.206079 0.000000 0.002853 0.000137
3.206798 0.000000 0.003269 0.000149
3.208440 0.000000 0.003217 0.000126
